Script started on 2023-05-31 21:56:38+02:00 [TERM="xterm-256color" TTY="/dev/pts/2" COLUMNS="80" LINES="24"]
bash: /home/steven/catkin_ws1/devel/setup.bash: No such file or directory
bash: /home/steven/catkin_ws2/devel/setup.bash: No such file or directory
(base) ]0;steven@steven-VirtualBox: ~/catkin_ws/src/controller_py/src[01;32msteven@steven-VirtualBox[00m:[01;34m~/catkin_ws/src/controller_py/src[00m$ python main.py 
start
wait for odom response
reset
reseting
est:  [0.005, 0.686]
est:  [-0.163, 0.966]
est:  [-0.407, 0.962]
est:  [-0.65, 0.699]
est:  [-0.006, 1.588]
est:  [-0.194, 1.326]
est:  [-0.416, 1.326]
est:  [-0.64, 1.602]
wait for odom response
reset
reseting
est:  [0.005, 0.686]
est:  [-0.163, 0.966]
est:  [-0.407, 0.962]
est:  [-0.65, 0.699]
est:  [-0.006, 1.588]
est:  [-0.194, 1.326]
est:  [-0.416, 1.326]
est:  [-0.64, 1.602]
wait for odom response
reset
reseting
est:  [0.005, 0.686]
est:  [-0.163, 0.966]
est:  [-0.407, 0.962]
est:  [-0.65, 0.699]
est:  [-0.006, 1.588]
est:  [-0.194, 1.326]
est:  [-0.416, 1.326]
est:  [-0.64, 1.602]


t:  0


0 1685563010.719768
0 1685563010.719884
0 1685563010.7246172
1 1685563010.7255712
1 1685563010.897946
1 1685563010.8992062
2 1685563010.8994064
2 1685563010.8994942
2 1685563010.9875925
3 1685563010.9877954
3 1685563010.9879096
3 1685563011.0416937
4 1685563011.041865
4 1685563011.1892705
4 1685563011.2159138
5 1685563011.243042
5 1685563011.2431896
5 1685563011.243946
6 1685563011.2445695
6 1685563011.2446973
6 1685563011.2453804
7 1685563011.2460208
7 1685563011.2594097
7 1685563011.2601483
reset


t:  1


0 1685563011.540832
0 1685563011.5488782
0 1685563011.550121
1 1685563011.551545
1 1685563011.5768378
1 1685563011.5785592
2 1685563011.649552
2 1685563011.6654594
2 1685563011.705267
3 1685563011.7064729
3 1685563011.768326
3 1685563011.7691345
4 1685563011.8148348
4 1685563011.8149817
4 1685563011.815688
5 1685563011.8295376
5 1685563011.894088
5 1685563011.9865315
6 1685563012.0090554
6 1685563012.0179737
6 1685563012.020226
7 1685563012.0221694
7 1685563012.022372
7 1685563012.1788173


t:  2


0 1685563012.2168102
0 1685563012.2169085
0 1685563012.255153
1 1685563012.464147
1 1685563012.4642847
1 1685563012.466408
2 1685563012.4670658
2 1685563012.4671626
2 1685563012.4678895
3 1685563012.469402
3 1685563012.4695306
3 1685563012.62235
4 1685563012.678264
4 1685563012.678464
4 1685563012.7391412
5 1685563012.741444
5 1685563012.7415411
5 1685563012.7692525
6 1685563012.770132
6 1685563012.7702658
6 1685563012.7739935
7 1685563012.7747638
7 1685563012.7749069
7 1685563012.7850122


t:  3


0 1685563013.010546
0 1685563013.010675
0 1685563013.0116034
1 1685563013.0221415
1 1685563013.0222552
1 1685563013.0230966
2 1685563013.0235994
2 1685563013.0237288
2 1685563013.0245242
3 1685563013.0252085
3 1685563013.0582986
3 1685563013.0684242
4 1685563013.0691178
4 1685563013.0692809
4 1685563013.07017
5 1685563013.0728652
5 1685563013.0730338
5 1685563013.1144223
6 1685563013.1154785
6 1685563013.1156151
6 1685563013.1164758
7 1685563013.1172738
7 1685563013.1174111
7 1685563013.2456017
reset


t:  4


0 1685563013.281157
0 1685563013.2812665
0 1685563013.2821698
1 1685563013.2827325
1 1685563013.2828264
1 1685563013.2834182
2 1685563013.430832
2 1685563013.4310052
2 1685563013.432304
3 1685563013.433843
3 1685563013.4339857
3 1685563013.5060837
4 1685563013.5073438
4 1685563013.5075185
4 1685563013.5106404
5 1685563013.516508
5 1685563013.5174818
5 1685563013.5219135
6 1685563013.522851
6 1685563013.5230243
6 1685563013.5239491
7 1685563013.524734
7 1685563013.5248623
7 1685563013.5267756


t:  5


0 1685563013.7496338
0 1685563013.7497325
0 1685563013.88172
1 1685563013.8918142
1 1685563013.8922625
1 1685563013.8941565
2 1685563013.9716253
2 1685563013.9717324
2 1685563013.9723878
3 1685563013.9731188
3 1685563013.9732137
3 1685563013.9740949
4 1685563014.107689
4 1685563014.1078606
4 1685563014.1088262
5 1685563014.109587
5 1685563014.1097326
5 1685563014.1389651
6 1685563014.2090063
6 1685563014.2092342
6 1685563014.2099726
7 1685563014.210437
7 1685563014.2105286
7 1685563014.2110267


t:  6


0 1685563014.2217908
0 1685563014.2219322
0 1685563014.2457707
1 1685563014.2463884
1 1685563014.3276463
1 1685563014.3283002
2 1685563014.3296967
2 1685563014.3298619
2 1685563014.3318372
3 1685563014.3426435
3 1685563014.342791
3 1685563014.343639
4 1685563014.3445237
4 1685563014.3446765
4 1685563014.3456056
5 1685563014.539489
5 1685563014.5396247
5 1685563014.6836197
6 1685563014.7012095
6 1685563014.8507278
6 1685563014.9786491
7 1685563015.0676775
7 1685563015.0916464
7 1685563015.0925126
reset


t:  7


0 1685563016.09854
0 1685563016.0986469
0 1685563016.1450496
1 1685563016.145838
1 1685563016.1459355
1 1685563016.146735
2 1685563016.1626651
2 1685563016.1627815
2 1685563016.1637104
3 1685563016.1642585
3 1685563016.1643982
3 1685563016.165549
4 1685563016.252844
4 1685563016.2529564
4 1685563016.257995
5 1685563016.2585328
5 1685563016.2586467
5 1685563016.259218
6 1685563016.2599027
6 1685563016.260031
6 1685563016.2792718
7 1685563016.3525844
7 1685563016.3527374
7 1685563016.3588715


t:  8


0 1685563016.383766
0 1685563016.3838913
0 1685563016.3845503
1 1685563016.5349712
1 1685563016.5351114
1 1685563016.535958
2 1685563016.5367813
2 1685563016.5369163
2 1685563016.6826363
3 1685563016.6841555
3 1685563016.6842988
3 1685563016.6982238
4 1685563016.8059335
4 1685563016.8061337
4 1685563016.807042
5 1685563016.808268
5 1685563016.8083994
5 1685563016.8090456
6 1685563016.8095772
6 1685563016.8096647
6 1685563016.8103645
7 1685563016.887438
7 1685563016.887549
7 1685563016.8886812


t:  9


0 1685563017.0719388
0 1685563017.0720527
0 1685563017.072843
1 1685563017.2855225
1 1685563017.2856312
1 1685563017.2896783
2 1685563017.2921963
2 1685563017.2924533
2 1685563017.374539
3 1685563017.3761919
3 1685563017.3763773
3 1685563017.401509
4 1685563017.4023755
4 1685563017.4024765
4 1685563017.4035637
5 1685563017.6060176
5 1685563017.606156
5 1685563017.6587825
6 1685563017.6597576
6 1685563017.6599517
6 1685563017.661156
7 1685563017.7134016
7 1685563017.7135413
7 1685563017.7145572
reset


t:  10


0 1685563017.8906064
0 1685563017.890707
0 1685563017.891346
1 1685563017.892437
1 1685563017.8925421
1 1685563017.893127
2 1685563017.894219
2 1685563017.894308
2 1685563017.895192
3 1685563017.8957345
3 1685563017.8958251
3 1685563017.8966625
4 1685563017.8974566
4 1685563017.897547
4 1685563017.9023871
5 1685563017.9029105
5 1685563017.9030035
5 1685563017.9552758
6 1685563017.9574602
6 1685563018.3321247
6 1685563018.3331454
7 1685563018.3339775
7 1685563018.3341067
7 1685563018.334851


t:  11


0 1685563018.8770428
0 1685563018.877142
0 1685563018.8779857
1 1685563018.87857
1 1685563018.8786585
1 1685563018.8794208
2 1685563018.8799763
2 1685563018.8800604
2 1685563019.1797752
3 1685563019.2103007
3 1685563019.21052
3 1685563019.2116058
4 1685563019.3904305
4 1685563019.3905852
4 1685563019.3913047
5 1685563019.3918889
5 1685563019.3920412
5 1685563019.3928604
6 1685563019.513157
6 1685563019.5133245
6 1685563019.5146601
7 1685563019.5152645
7 1685563019.5154004
7 1685563019.516194


t:  12


0 1685563019.6120243
0 1685563019.6122348
0 1685563019.613568
1 1685563019.6565366
1 1685563019.6574898
1 1685563019.6584654
2 1685563019.7855263
2 1685563019.7856667
2 1685563019.7866526
3 1685563019.788157
3 1685563019.7882912
3 1685563019.7891734
4 1685563019.8704152
4 1685563019.8705494
4 1685563019.8724825
5 1685563019.8748617
5 1685563019.8750393
5 1685563019.95351
6 1685563019.9547615
6 1685563019.9548812
6 1685563019.9555998
7 1685563019.9565427
7 1685563019.9566855
7 1685563019.9574046
reset


t:  13


0 1685563020.6226153
0 1685563020.6228828
0 1685563020.6256094
1 1685563020.6262095
1 1685563020.6263661
1 1685563020.7337592
2 1685563020.8709896
2 1685563020.8711035
2 1685563020.8718596
3 1685563020.925259
3 1685563020.9254653
3 1685563020.926338
4 1685563020.9268966
4 1685563020.9269845
4 1685563020.928176
5 1685563020.9321861
5 1685563020.9324043
5 1685563020.9402673
6 1685563020.9700468
6 1685563020.9701877
6 1685563020.9756157
7 1685563020.9963164
7 1685563021.085488
7 1685563021.0961237


t:  14


0 1685563021.5699177
0 1685563021.5700173
0 1685563021.5712154
1 1685563021.6546965
1 1685563021.7187562
1 1685563021.7318735
2 1685563021.73982
2 1685563021.771394
2 1685563021.7723832
3 1685563021.7730615
3 1685563021.7731771
3 1685563021.7738624
4 1685563021.7749925
4 1685563021.775107
4 1685563022.0180986
5 1685563022.0380068
5 1685563022.0381868
5 1685563022.0389776
6 1685563022.0395312
6 1685563022.0396419
6 1685563022.0432239
7 1685563022.1734424
7 1685563022.173579
7 1685563022.1748366


t:  15


0 1685563022.222464
0 1685563022.2226005
0 1685563022.2244048
1 1685563022.225057
1 1685563022.2252598
1 1685563022.2467406
2 1685563022.2487898
2 1685563022.2489579
2 1685563022.250155
3 1685563022.251007
3 1685563022.2511506
3 1685563022.2609913
4 1685563022.3463259
4 1685563022.3464825
4 1685563022.34739
5 1685563022.3480527
5 1685563022.3482354
5 1685563022.3504212
6 1685563022.4182208
6 1685563022.418384
6 1685563022.4192474
7 1685563022.4198372
7 1685563022.4199803
7 1685563022.4205678
reset


t:  16


0 1685563022.8641956
0 1685563022.8643358
0 1685563022.8677504
1 1685563022.9432814
1 1685563022.9685168
1 1685563022.989036
2 1685563022.9905775
2 1685563022.9907126
2 1685563022.9915817
3 1685563022.9926076
3 1685563022.992725
3 1685563022.993485
4 1685563023.208277
4 1685563023.2084198
4 1685563023.2103739
5 1685563023.2109895
5 1685563023.2110832
5 1685563023.2116334
6 1685563023.214509
6 1685563023.214837
6 1685563023.2464051
7 1685563023.3260753
7 1685563023.326255
7 1685563023.3269815


t:  17


0 1685563023.5760672
0 1685563023.5761943
0 1685563023.5771492
1 1685563023.8534267
1 1685563023.9174218
1 1685563024.0101717
2 1685563024.01093
2 1685563024.0110347
2 1685563024.011754
3 1685563024.0122359
3 1685563024.0123315
3 1685563024.0129535
4 1685563024.08605
4 1685563024.0861778
4 1685563024.0870645
5 1685563024.2026265
5 1685563024.202766
5 1685563024.2415152
6 1685563024.3862987
6 1685563024.3864806
6 1685563024.5198784
7 1685563024.5213428
7 1685563024.521514
7 1685563024.5222933


t:  18


0 1685563024.6101081
0 1685563024.6102135
0 1685563024.6284235
1 1685563024.6302001
1 1685563024.6303687
1 1685563024.6309218
2 1685563024.6316636
2 1685563024.6317606
2 1685563024.6640272
3 1685563024.679053
3 1685563024.6792219
3 1685563024.6800058
4 1685563024.6814806
4 1685563024.6815977
4 1685563024.692848
5 1685563024.8258684
5 1685563024.8261716
5 1685563024.933335
6 1685563024.9339163
6 1685563024.93401
6 1685563024.9346797
7 1685563024.9351847
7 1685563024.9352818
7 1685563024.9361155
reset


t:  19


0 1685563025.4913216
0 1685563025.491438
0 1685563025.493199
1 1685563025.525227
1 1685563025.525385
1 1685563025.536679
2 1685563025.5665562
2 1685563025.5667298
2 1685563025.6065507
3 1685563025.6788914
3 1685563025.6790648
3 1685563025.9210405
4 1685563025.9373956
4 1685563025.9375403
4 1685563025.9385881
5 1685563025.9404128
5 1685563025.940528
5 1685563025.9412124
6 1685563026.1685648
6 1685563026.1687555
6 1685563026.1703026
7 1685563026.2562273
7 1685563026.2855701
7 1685563026.2862477


t:  20


0 1685563026.5227106
0 1685563026.5228837
0 1685563026.5235808
1 1685563026.524057
1 1685563026.524161
1 1685563026.524697
2 1685563026.5251145
2 1685563026.525208
2 1685563026.5298355
3 1685563026.5835528
3 1685563026.5837178
3 1685563026.584386
4 1685563026.5847666
4 1685563026.5848527
4 1685563026.5855558
5 1685563026.586166
5 1685563026.5862875
5 1685563026.6580594
6 1685563026.6607594
6 1685563026.6608915
6 1685563026.6618388
7 1685563026.6626856
7 1685563026.662819
7 1685563026.663455


t:  21


0 1685563027.26964
0 1685563027.2697535
0 1685563027.2707586
1 1685563027.271408
1 1685563027.2715213
1 1685563027.272249
2 1685563027.2744992
2 1685563027.2746875
2 1685563027.2758417
3 1685563027.5188258
3 1685563027.5190039
3 1685563027.5199175
4 1685563027.5204968
4 1685563027.5205867
4 1685563027.5220542
5 1685563027.522595
5 1685563027.522705
5 1685563027.5233426
6 1685563027.546987
6 1685563027.547237
6 1685563027.5480387
7 1685563027.7971802
7 1685563027.7972991
7 1685563027.7988205
reset


t:  22


0 1685563027.901871
0 1685563027.9019644
0 1685563027.9025996
1 1685563027.9037097
1 1685563027.9037962
1 1685563027.9044907
2 1685563027.9346206
2 1685563027.9399948
2 1685563028.0569723
3 1685563028.0733469
3 1685563028.0874233
3 1685563028.305727
4 1685563028.3063211
4 1685563028.3064435
4 1685563028.307167
5 1685563028.307922
5 1685563028.3080285
5 1685563028.3090558
6 1685563028.4537265
6 1685563028.4538753
6 1685563028.8091788
7 1685563028.8374293
7 1685563028.837554
7 1685563028.8417368


t:  23


0 1685563029.0922456
0 1685563029.0923586
0 1685563029.0932572
1 1685563029.093914
1 1685563029.094391
1 1685563029.2396154
2 1685563029.2402346
2 1685563029.2403858
2 1685563029.2409847
3 1685563029.2416568
3 1685563029.2417815
3 1685563029.2426255
4 1685563029.3625884
4 1685563029.3627417
4 1685563029.363697
5 1685563029.3647575
5 1685563029.3648875
5 1685563029.4497695
6 1685563029.454535
6 1685563029.4547105
6 1685563029.4556112
7 1685563029.4563146
7 1685563029.4564795
7 1685563029.53777


t:  24


0 1685563030.4192867
0 1685563030.432429
0 1685563030.4333146
1 1685563030.4930887
1 1685563030.5206978
1 1685563030.628925
2 1685563030.6443377
2 1685563030.8114603
2 1685563030.9815495
3 1685563030.9822361
3 1685563030.9823482
3 1685563030.9831252
4 1685563030.9851959
4 1685563030.9853532
4 1685563031.2085743
5 1685563031.2225008
5 1685563031.22304
5 1685563031.223765
6 1685563031.2243993
6 1685563031.224527
6 1685563031.225413
7 1685563031.2277446
7 1685563031.2279258
7 1685563031.2299883
reset


t:  25


0 1685563031.513769
0 1685563031.5140378
0 1685563031.515156
1 1685563031.6576324
1 1685563031.79388
1 1685563031.8916285
2 1685563031.892203
2 1685563031.8923037
2 1685563031.8929615
3 1685563031.8935487
3 1685563031.8936515
3 1685563031.894276
4 1685563031.8948693
4 1685563031.8949723
4 1685563031.8956563
5 1685563031.896186
5 1685563031.8962822
5 1685563031.8969228
6 1685563031.9253392
6 1685563031.9254644
6 1685563031.9261844
7 1685563031.9787817
7 1685563031.978947
7 1685563031.9821692


t:  26


0 1685563032.475771
0 1685563032.5811641
0 1685563032.5826585
1 1685563032.5841131
1 1685563032.5844033
1 1685563032.6596086
2 1685563032.666663
2 1685563032.6668303
2 1685563032.8447216
3 1685563032.8529205
3 1685563032.8530457
3 1685563032.974488
4 1685563032.9926171
4 1685563032.9927425
4 1685563032.9935842
5 1685563032.9942067
5 1685563032.994313
5 1685563032.9953198
6 1685563033.0253923
6 1685563033.0327134
6 1685563033.0337224
7 1685563033.0353692
7 1685563033.079401
7 1685563033.6102557


t:  27


0 1685563034.08352
0 1685563034.0837023
0 1685563034.2569199
1 1685563034.2578862
1 1685563034.25805
1 1685563034.2591033
2 1685563034.2906637
2 1685563034.2907896
2 1685563034.2919402
3 1685563034.3583922
3 1685563034.358571
3 1685563034.359517
4 1685563034.41568
4 1685563034.4210837
4 1685563034.4506598
5 1685563034.4521291
5 1685563034.4523149
5 1685563034.453446
6 1685563034.463967
6 1685563034.464139
6 1685563034.4653385
7 1685563034.4661016
7 1685563034.466232
7 1685563034.4672537
reset


t:  28


0 1685563034.8099627
0 1685563034.810095
0 1685563034.810945
1 1685563034.813019
1 1685563034.813135
1 1685563034.8138275
2 1685563034.8404746
2 1685563034.8793306
2 1685563034.881127
3 1685563034.8818617
3 1685563034.882067
3 1685563034.9519913
4 1685563034.9622538
4 1685563034.9625237
4 1685563034.9725232
5 1685563034.9887595
5 1685563035.0005023
5 1685563035.1849291
6 1685563035.18596
6 1685563035.1860638
6 1685563035.1869693
7 1685563035.2524922
7 1685563035.252631
7 1685563035.3341975


t:  29


0 1685563035.4763162
0 1685563035.476514
0 1685563035.497244
1 1685563035.5325835
1 1685563035.5327065
1 1685563035.5341334
2 1685563035.5349696
2 1685563035.5350995
2 1685563035.5358155
3 1685563035.8578882
3 1685563035.858023
3 1685563035.8834834
4 1685563035.8841326
4 1685563035.884282
4 1685563035.885135
5 1685563035.8861666
5 1685563035.8862922
5 1685563035.886949
6 1685563035.921376
6 1685563035.9216056
6 1685563035.9222865
7 1685563035.9227865
7 1685563035.9228857
7 1685563035.9234366


t:  30


0 1685563035.9886327
0 1685563036.0220168
0 1685563036.062749
1 1685563036.063444
1 1685563036.0635712
1 1685563036.0642457
2 1685563036.064855
2 1685563036.0649855
2 1685563036.0658689
3 1685563036.1648924
3 1685563036.2053308
3 1685563036.2062888
4 1685563036.206992
4 1685563036.2071207
4 1685563036.2078874
5 1685563036.2489698
5 1685563036.2492168
5 1685563036.250212
6 1685563036.2508543
6 1685563036.2568417
6 1685563036.2576766
7 1685563036.2582443
7 1685563036.2583702
7 1685563036.2945545
reset


t:  31


0 1685563036.974539
0 1685563036.9759293
0 1685563037.0574071
1 1685563037.0582693
1 1685563037.0584323
1 1685563037.0595763
2 1685563037.1262844
2 1685563037.1264732
2 1685563037.2332783
3 1685563037.234242
3 1685563037.2343714
3 1685563037.235133
4 1685563037.3250318
4 1685563037.3500233
4 1685563037.3509903
5 1685563037.3521523
5 1685563037.3682253
5 1685563037.3747795
6 1685563037.4000602
6 1685563037.4003422
6 1685563037.401477
7 1685563037.463598
7 1685563037.57582
7 1685563037.5770624


t:  32


0 1685563037.7462294
0 1685563037.7463474
0 1685563037.7471821
1 1685563037.761601
1 1685563037.8933234
1 1685563037.8942695
2 1685563037.896178
2 1685563037.8963256
2 1685563037.8981206
3 1685563037.9350023
3 1685563037.9351733
3 1685563037.93624
4 1685563037.9370112
4 1685563037.9371867
4 1685563037.9379246
5 1685563037.9388268
5 1685563037.93897
5 1685563037.9398017
6 1685563038.147647
6 1685563038.1633954
6 1685563038.4246185
7 1685563038.425387
7 1685563038.425497
7 1685563038.5257626


t:  33


0 1685563039.5514867
0 1685563039.5516326
0 1685563039.5526083
1 1685563039.6045504
1 1685563039.6047091
1 1685563039.605633
2 1685563039.6064682
2 1685563039.606639
2 1685563039.6695294
3 1685563039.6956556
3 1685563039.6957958
3 1685563039.696636
4 1685563039.7121215
4 1685563039.7122977
4 1685563039.7205594
5 1685563039.721244
5 1685563039.7215078
5 1685563039.7224991
6 1685563039.7231858
6 1685563039.7232914
6 1685563039.7239618
7 1685563039.837476
7 1685563039.8785875
7 1685563039.9001462
reset


t:  34


0 1685563040.411009
0 1685563040.4111307
0 1685563040.412061
1 1685563040.412708
1 1685563040.4416137
1 1685563040.4430761
2 1685563040.6822217
2 1685563040.6823752
2 1685563040.6857698
3 1685563040.8346732
3 1685563040.840193
3 1685563040.841
4 1685563040.9578416
4 1685563040.958001
4 1685563040.9589593
5 1685563040.959697
5 1685563040.9598584
5 1685563041.0488334
6 1685563041.07912
6 1685563041.079268
6 1685563041.2830546
7 1685563041.2941926
7 1685563041.3776238
7 1685563041.4220605


t:  35


0 1685563041.6270244
0 1685563041.7553473
0 1685563042.0633435
1 1685563042.0644855
1 1685563042.0646276
1 1685563042.113028
2 1685563042.1137555
2 1685563042.113869
2 1685563042.1148198
3 1685563042.1159978
3 1685563042.116109
3 1685563042.170964
4 1685563042.2323403
4 1685563042.2324688
4 1685563042.2340052
5 1685563042.2345767
5 1685563042.2347255
5 1685563042.2355733
6 1685563042.2865317
6 1685563042.2867122
6 1685563042.2878814
7 1685563042.3498511
7 1685563042.3499994
7 1685563042.350885


t:  36


0 1685563042.4324076
0 1685563042.4325209
0 1685563042.434473
1 1685563042.4452994
1 1685563042.44553
1 1685563042.4465394
2 1685563042.4471233
2 1685563042.4472265
2 1685563042.4795084
3 1685563042.568262
3 1685563042.5684073
3 1685563042.5695417
4 1685563042.6663954
4 1685563042.6665423
4 1685563042.6675994
5 1685563042.7049031
5 1685563042.7050717
5 1685563042.7060127
6 1685563042.7361593
6 1685563042.7363765
6 1685563042.7373536
7 1685563042.7729557
7 1685563042.7731166
7 1685563042.7751875
reset


t:  37


0 1685563042.9952924
0 1685563043.0002372
0 1685563043.0011044
1 1685563043.0016866
1 1685563043.0017881
1 1685563043.002441
2 1685563043.180666
2 1685563043.1997025
2 1685563043.2057683
3 1685563043.2445571
3 1685563043.2447069
3 1685563043.7873724
4 1685563043.7985108
4 1685563043.8235564
4 1685563043.8243427
5 1685563043.9017136
5 1685563044.0834608
5 1685563044.0845182
6 1685563044.0855777
6 1685563044.1215248
6 1685563044.1294181
7 1685563044.140801
7 1685563044.1409817
7 1685563044.5203297


t:  38


0 1685563044.8204184
0 1685563044.8205345
0 1685563044.8216343
1 1685563044.8221562
1 1685563044.8222547
1 1685563044.9584048
2 1685563044.9640927
2 1685563044.9642615
2 1685563044.9654174
3 1685563045.2531564
3 1685563045.25345
3 1685563045.6564972
4 1685563045.6581295
4 1685563045.658241
4 1685563045.659074
5 1685563045.6598713
5 1685563046.0251179
5 1685563046.0260127
6 1685563046.0282385
6 1685563046.0283754
6 1685563046.0549767
7 1685563046.059756
7 1685563046.0599217
7 1685563046.1583395


t:  39


0 1685563046.688998
0 1685563046.6891272
0 1685563046.696575
1 1685563046.6978943
1 1685563046.698044
1 1685563047.0564888
2 1685563047.057138
2 1685563047.0573199
2 1685563047.0582316
3 1685563047.0595825
3 1685563047.0597463
3 1685563047.060544
4 1685563047.061413
4 1685563047.0616288
4 1685563047.3894258
5 1685563047.3902252
5 1685563047.457234
5 1685563047.467441
6 1685563047.4681914
6 1685563047.468323
6 1685563047.4691687
7 1685563047.4698656
7 1685563047.47002
7 1685563047.630923
reset


t:  40


0 1685563047.8319614
0 1685563047.832119
0 1685563047.8692927
1 1685563048.1892333
1 1685563048.1894155
1 1685563048.1902995
2 1685563048.1912832
2 1685563048.1914327
2 1685563048.2417934
3 1685563048.259413
3 1685563048.2597547
3 1685563048.26059
4 1685563048.5421433
4 1685563048.5422935
4 1685563048.5430243
5 1685563048.5640738
5 1685563048.5641963
5 1685563048.572755
6 1685563048.5740335
6 1685563048.5741374
6 1685563048.575968
7 1685563048.577392
7 1685563048.5779018
7 1685563048.5788732


t:  41


0 1685563048.643327
0 1685563048.6434398
0 1685563048.6451042
1 1685563048.647257
1 1685563048.64738
1 1685563048.648136
2 1685563048.6486952
2 1685563048.6488779
2 1685563048.6959808
3 1685563048.6965606
3 1685563048.6966703
3 1685563048.697439
4 1685563048.6988158
4 1685563048.698947
4 1685563048.7057207
5 1685563048.7151313
5 1685563048.715252
5 1685563048.7779987
6 1685563048.7788424
6 1685563048.7789547
6 1685563048.7797
7 1685563048.7811315
7 1685563048.7812493
7 1685563048.7821388


t:  42


0 1685563049.012497
0 1685563049.012688
0 1685563049.014629
1 1685563049.1267095
1 1685563049.126863
1 1685563049.1277006
2 1685563049.1286628
2 1685563049.1289234
2 1685563049.1297395
3 1685563049.1306472
3 1685563049.1308215
3 1685563049.1330674
4 1685563049.2155929
4 1685563049.2158012
4 1685563049.3384683
5 1685563049.371886
5 1685563049.4076726
5 1685563049.4086077
6 1685563049.5843794
6 1685563049.6025906
6 1685563049.6499622
7 1685563049.6506464
7 1685563049.6507785
7 1685563049.652329
reset


t:  43


0 1685563050.2595801
0 1685563050.259839
0 1685563050.2608585
1 1685563050.2968428
1 1685563050.2969956
1 1685563050.5220098
2 1685563050.5234995
2 1685563050.5236483
2 1685563050.5245361
3 1685563050.5697594
3 1685563050.570002
3 1685563050.570771
4 1685563050.571521
4 1685563050.5716703
4 1685563050.5724702
5 1685563050.5875986
5 1685563050.587751
5 1685563050.5884645
6 1685563050.5889902
6 1685563050.5890908
6 1685563050.5896823
7 1685563050.5950754
7 1685563050.5952415
7 1685563050.5960345


t:  44


0 1685563050.751837
0 1685563050.7520125
0 1685563050.7544568
1 1685563050.7553005
1 1685563050.7554324
1 1685563050.8293867
2 1685563050.8638244
2 1685563050.8639705
2 1685563050.8650982
3 1685563050.8659537
3 1685563050.8660865
3 1685563050.8670626
4 1685563050.9291873
4 1685563050.9399834
4 1685563050.9885006
5 1685563050.989261
5 1685563050.9894254
5 1685563051.023618
6 1685563051.0244055
6 1685563051.084834
6 1685563051.0963147
7 1685563051.0977356
7 1685563051.1040373
7 1685563051.1050541


t:  45


0 1685563051.3626945
0 1685563051.3628516
0 1685563051.36383
1 1685563051.4087608
1 1685563051.4089637
1 1685563051.5290463
2 1685563051.5320437
2 1685563051.532755
2 1685563051.533977
3 1685563051.534779
3 1685563051.5349445
3 1685563051.5830538
4 1685563051.7014377
4 1685563051.7015631
4 1685563051.702844
5 1685563051.7037797
5 1685563051.703912
5 1685563051.7049057
6 1685563051.9593766
6 1685563051.9596193
6 1685563051.960553
7 1685563051.9611595
7 1685563051.9616969
7 1685563051.9624777
reset


t:  46


0 1685563052.5508084
0 1685563052.5509443
0 1685563052.5519137
1 1685563052.5789084
1 1685563052.5790288
1 1685563052.5801988
2 1685563052.5809574
2 1685563052.581062
2 1685563052.582005
3 1685563052.805015
3 1685563052.9324741
3 1685563052.9332535
4 1685563052.9339733
4 1685563052.9340987
4 1685563052.9348164
5 1685563053.1488233
5 1685563053.1489892
5 1685563053.1857684
6 1685563053.2004006
6 1685563053.2005908
6 1685563053.2018185
7 1685563053.202517
7 1685563053.202645
7 1685563053.2034638


t:  47


0 1685563053.4382632
0 1685563053.4384813
0 1685563053.4395397
1 1685563053.4996681
1 1685563053.5004487
1 1685563053.501619
2 1685563053.5020618
2 1685563053.502163
2 1685563053.5029614
3 1685563053.5037258
3 1685563053.5039196
3 1685563053.5424683
4 1685563053.8383408
4 1685563053.9291418
4 1685563053.9403214
5 1685563053.9416468
5 1685563053.941806
5 1685563054.0026119
6 1685563054.0090022
6 1685563054.009151
6 1685563054.0101376
7 1685563054.0197573
7 1685563054.100789
7 1685563054.3353822


t:  48


0 1685563054.6831868
0 1685563054.6833887
0 1685563054.6844585
1 1685563054.6988409
1 1685563054.9516637
1 1685563054.9579182
2 1685563054.9800065
2 1685563055.12028
2 1685563055.3499115
3 1685563055.4698331
3 1685563055.5343192
3 1685563055.6013494
4 1685563055.626817
4 1685563055.6270292
4 1685563055.627838
5 1685563055.6844208
5 1685563055.6845942
5 1685563055.8062098
6 1685563055.8076887
6 1685563055.883514
6 1685563055.884387
7 1685563055.8854866
7 1685563055.8856344
7 1685563055.8864496
reset


t:  49


0 1685563056.01216
0 1685563056.0122998
0 1685563056.0131683
1 1685563056.0870981
1 1685563056.0872502
1 1685563056.0880861
2 1685563056.2958014
2 1685563056.296037
2 1685563056.2968705
3 1685563056.303168
3 1685563056.3034947
3 1685563056.304252
4 1685563056.3047876
4 1685563056.3051207
4 1685563056.3058836
5 1685563056.3595169
5 1685563056.359638
5 1685563056.3603458
6 1685563056.3614159
6 1685563056.3615193
6 1685563056.3622212
7 1685563056.3628209
7 1685563056.3629878
7 1685563056.363598
done
(base) ]0;steven@steven-VirtualBox: ~/catkin_ws/src/controller_py/src[01;32msteven@steven-VirtualBox[00m:[01;34m~/catkin_ws/src/controller_py/src[00m$ exit
exit

Script done on 2023-05-31 21:57:42+02:00 [COMMAND_EXIT_CODE="0"]
