t:  0


0 1685608768.2521865
0 1685608768.2523317
0 1685608768.2613487
1 1685608768.2778933
1 1685608768.278034
1 1685608768.2790966
2 1685608768.2792974
2 1685608768.2793987
2 1685608768.2800703
3 1685608768.2803953
3 1685608768.2805343
3 1685608768.281239
4 1685608768.299852
4 1685608768.300028
4 1685608768.301326
5 1685608768.3087118
5 1685608768.3101792
5 1685608768.3204432


t:  1


0 1685608768.3489554
0 1685608768.3490958
0 1685608768.3498313
1 1685608768.3503277
1 1685608768.3504448
1 1685608768.3510585
2 1685608768.3512034
2 1685608768.3512976
2 1685608768.352046
3 1685608768.361404
3 1685608768.3615842
3 1685608768.362518
4 1685608768.3630128
4 1685608768.3631878
4 1685608768.364613
5 1685608768.3726296
5 1685608768.3728244
5 1685608768.3742118


t:  2


0 1685608768.4040284
0 1685608768.4042463
0 1685608768.4057307
1 1685608768.4169977
1 1685608768.41723
1 1685608768.4194884
2 1685608768.424599
2 1685608768.42474
2 1685608768.4291933
3 1685608768.4297314
3 1685608768.4298465
3 1685608768.4312263
4 1685608768.4331646
4 1685608768.433843
4 1685608768.4344943
5 1685608768.4350033
5 1685608768.4351082
5 1685608768.4368272


t:  3


0 1685608768.4436872
0 1685608768.4438136
0 1685608768.444786
1 1685608768.4485524
1 1685608768.4486754
1 1685608768.4494674
2 1685608768.4502544
2 1685608768.4517353
2 1685608768.4527338
3 1685608768.4541907
3 1685608768.4543078
3 1685608768.456612
4 1685608768.4572277
4 1685608768.4584248
4 1685608768.4617696
5 1685608768.4723747
5 1685608768.472502
5 1685608768.473249


t:  4


0 1685608768.4804323
0 1685608768.4805439
0 1685608768.4866729
1 1685608768.4873335
1 1685608768.4874911
1 1685608768.4883869
2 1685608768.5059028
2 1685608768.5108228
2 1685608768.5115705
3 1685608768.5298367
3 1685608768.5301266
3 1685608768.5458293
4 1685608768.558114
4 1685608768.5582767
4 1685608768.5597076
5 1685608768.5606196
5 1685608768.5607278
5 1685608768.5622933


t:  5


0 1685608768.596783
0 1685608768.596903
0 1685608768.598048
1 1685608768.6013
1 1685608768.6015449
1 1685608768.602263
2 1685608768.6027963
2 1685608768.6029086
2 1685608768.6036127
3 1685608768.6057065
3 1685608768.6059856
3 1685608768.6070728
4 1685608768.6218
4 1685608768.6249804
4 1685608768.6335962
5 1685608768.6496336
5 1685608768.6497679
5 1685608768.6505516


t:  6


0 1685608768.6639974
0 1685608768.6652403
0 1685608768.667227
1 1685608768.670875
1 1685608768.6710873
1 1685608768.6757534
2 1685608768.6763093
2 1685608768.6764214
2 1685608768.6815565
3 1685608768.7016523
3 1685608768.702138
3 1685608768.7207751
4 1685608768.7274034
4 1685608768.7275248
4 1685608768.7290995
5 1685608768.7415137
5 1685608768.7443297
5 1685608768.7469141


t:  7


0 1685608768.7652533
0 1685608768.7653942
0 1685608768.766548
1 1685608768.7740817
1 1685608768.7742372
1 1685608768.7771945
2 1685608768.7802315
2 1685608768.7803564
2 1685608768.7824788
3 1685608768.7876384
3 1685608768.787759
3 1685608768.794892
4 1685608768.803823
4 1685608768.804684
4 1685608768.8171465
5 1685608768.8305051
5 1685608768.830734
5 1685608768.8317807


t:  8


0 1685608768.8563664
0 1685608768.8574126
0 1685608768.8599455
1 1685608768.8640032
1 1685608768.8641217
1 1685608768.9030004
2 1685608768.9085448
2 1685608768.9100044
2 1685608768.9132237
3 1685608768.9188337
3 1685608768.9190161
3 1685608768.9254506
4 1685608768.943675
4 1685608768.9474573
4 1685608768.9516683
5 1685608768.955641
5 1685608768.9569418
5 1685608768.9580982


t:  9


0 1685608768.974744
0 1685608768.9761193
0 1685608768.9779775
1 1685608768.979591
1 1685608768.9820106
1 1685608768.9832702
2 1685608768.9841855
2 1685608768.9844337
2 1685608769.014178
3 1685608769.0149925
3 1685608769.0155368
3 1685608769.0165808
4 1685608769.020875
4 1685608769.0214467
4 1685608769.0369112
5 1685608769.0408883
5 1685608769.0411422
5 1685608769.0419588


t:  10


0 1685608769.0512726
0 1685608769.0515625
0 1685608769.060037
1 1685608769.0606525
1 1685608769.0610197
1 1685608769.0618541
2 1685608769.0656374
2 1685608769.06594
2 1685608769.0675921
3 1685608769.0719562
3 1685608769.0724785
3 1685608769.0747993
4 1685608769.0827186
4 1685608769.083072
4 1685608769.1053886
5 1685608769.107051
5 1685608769.1072712
5 1685608769.108629


t:  11


0 1685608769.1246438
0 1685608769.1248703
0 1685608769.1257377
1 1685608769.1263046
1 1685608769.1264906
1 1685608769.1272097
2 1685608769.1279366
2 1685608769.1313677
2 1685608769.1834788
3 1685608769.1843653
3 1685608769.1864483
3 1685608769.1873822
4 1685608769.1881385
4 1685608769.1883307
4 1685608769.1890943
5 1685608769.189681
5 1685608769.1901407
5 1685608769.1908503


t:  12


0 1685608769.3498578
0 1685608769.354113
0 1685608769.3919306
1 1685608769.4112484
1 1685608769.4431524
1 1685608769.4455764
2 1685608769.4545898
2 1685608769.4548302
2 1685608769.4565232
3 1685608769.46454
3 1685608769.4697027
3 1685608769.527821
4 1685608769.5294209
4 1685608769.5820868
4 1685608769.5830605
5 1685608769.6355455
5 1685608769.6704175
5 1685608769.6720815


t:  13


0 1685608769.8028493
0 1685608769.8030334
0 1685608769.8041308
1 1685608769.8763404
1 1685608769.876515
1 1685608769.8786192
2 1685608769.8797696
2 1685608769.8835506
2 1685608769.8843746
3 1685608769.9028053
3 1685608769.9030037
3 1685608769.9043503
4 1685608770.0044181
4 1685608770.0045538
4 1685608770.0054588
5 1685608770.0063605
5 1685608770.0064964
5 1685608770.0885944


t:  14


0 1685608770.2166479
0 1685608770.2167647
0 1685608770.2240868
1 1685608770.2247937
1 1685608770.2249453
1 1685608770.2258809
2 1685608770.2266455
2 1685608770.2267864
2 1685608770.2276263
3 1685608770.2561512
3 1685608770.25636
3 1685608770.2700708
4 1685608770.2967613
4 1685608770.3171315
4 1685608770.3483977
5 1685608770.3575113
5 1685608770.3751545
5 1685608770.3883674


t:  15


0 1685608770.5048518
0 1685608770.505086
0 1685608770.5060174
1 1685608770.5068574
1 1685608770.5070243
1 1685608770.5154488
2 1685608770.516448
2 1685608770.5166273
2 1685608770.5173151
3 1685608770.5956085
3 1685608770.644798
3 1685608770.7385573
4 1685608770.7804637
4 1685608770.8012798
4 1685608770.8024101
5 1685608770.8491032
5 1685608770.9226346
5 1685608770.9953747


t:  16


0 1685608771.072559
0 1685608771.0727787
0 1685608771.0743062
1 1685608771.1759753
1 1685608771.2005353
1 1685608771.201687
2 1685608771.2576632
2 1685608771.415306
2 1685608771.4216857
3 1685608771.4573238
3 1685608771.4750884
3 1685608771.5172305
4 1685608771.7530823
4 1685608771.8423522
4 1685608771.8700294
5 1685608771.9856966
5 1685608772.016046
5 1685608772.0171082


t:  17


0 1685608772.0444007
0 1685608772.094253
0 1685608772.0954864
1 1685608772.0961595
1 1685608772.096334
1 1685608772.1305125
2 1685608772.1331615
2 1685608772.1333396
2 1685608772.1341417
3 1685608772.260093
3 1685608772.2663386
3 1685608772.326445
4 1685608772.3271968
4 1685608772.3273385
4 1685608772.3446739
5 1685608772.3456442
5 1685608772.5063386
5 1685608772.519963


t:  18


0 1685608772.6683457
0 1685608772.6837015
0 1685608772.7046223
1 1685608772.7317102
1 1685608772.7319243
1 1685608772.733014
2 1685608772.8073459
2 1685608772.94728
2 1685608772.9485087
3 1685608772.9688578
3 1685608772.9690125
3 1685608772.9705982
4 1685608773.0550146
4 1685608773.055152
4 1685608773.0561845
5 1685608773.0578132
5 1685608773.0579603
5 1685608773.0613525


t:  19


0 1685608773.275413
0 1685608773.3166256
0 1685608773.343211
1 1685608773.473424
1 1685608773.4736614
1 1685608773.4747224
2 1685608773.5000443
2 1685608773.5680528
2 1685608773.6086714
3 1685608773.609676
3 1685608773.6098282
3 1685608773.611652
4 1685608773.6121905
4 1685608773.6123197
4 1685608773.694613
5 1685608773.6953523
5 1685608773.6955938
5 1685608773.6967545


t:  20


0 1685608773.7667007
0 1685608773.7668412
0 1685608773.768079
1 1685608773.7687128
1 1685608773.7688143
1 1685608773.7697098
2 1685608773.7853189
2 1685608773.7855768
2 1685608773.8125718
3 1685608773.8135452
3 1685608773.8136954
3 1685608773.8214939
4 1685608773.8311508
4 1685608773.8312984
4 1685608773.8568566
5 1685608773.8575056
5 1685608773.8576162
5 1685608773.8584545


t:  21


0 1685608773.9944398
0 1685608773.9945843
0 1685608773.9954073
1 1685608773.9962175
1 1685608773.9979875
1 1685608773.9986942
2 1685608773.9993076
2 1685608773.999464
2 1685608774.0903027
3 1685608774.091098
3 1685608774.0912488
3 1685608774.0921957
4 1685608774.096743
4 1685608774.096908
4 1685608774.1186337
5 1685608774.1877363
5 1685608774.1880615
5 1685608774.1891406


t:  22


0 1685608774.56733
0 1685608774.5676618
0 1685608774.5687106
1 1685608774.5706053
1 1685608774.5708082
1 1685608774.5742245
2 1685608774.5750911
2 1685608774.57523
2 1685608774.5786839
3 1685608774.5828526
3 1685608774.582973
3 1685608774.5839298
4 1685608774.6376653
4 1685608774.6379051
4 1685608774.6387932
5 1685608774.6407657
5 1685608774.6409624
5 1685608774.6420226


t:  23


0 1685608774.788693
0 1685608774.7893302
0 1685608774.814012
1 1685608774.814796
1 1685608774.8149958
1 1685608774.8158271
2 1685608774.907935
2 1685608774.9081182
2 1685608774.9094625
3 1685608774.911286
3 1685608774.9118752
3 1685608775.0321662
4 1685608775.0329025
4 1685608775.033046
4 1685608775.033856
5 1685608775.0543082
5 1685608775.0544865
5 1685608775.0560493


t:  24


0 1685608775.2683237
0 1685608775.2684686
0 1685608775.2698603
1 1685608775.3201764
1 1685608775.3203597
1 1685608775.3277268
2 1685608775.3386838
2 1685608775.4634235
2 1685608775.4646175
3 1685608775.4653847
3 1685608775.4655478
3 1685608775.4664237
4 1685608775.5932775
4 1685608775.5934064
4 1685608775.5942473
5 1685608775.6046574
5 1685608775.6047535
5 1685608775.7564702


t:  25


0 1685608775.9993355
0 1685608776.042249
0 1685608776.0432036
1 1685608776.0438964
1 1685608776.0440347
1 1685608776.0455022
2 1685608776.046137
2 1685608776.0462775
2 1685608776.0635545
3 1685608776.0865755
3 1685608776.0867386
3 1685608776.087946
4 1685608776.089126
4 1685608776.0892808
4 1685608776.0907776
5 1685608776.1340117
5 1685608776.134177
5 1685608776.1350486


t:  26


0 1685608776.3296962
0 1685608776.3299077
0 1685608776.3406887
1 1685608776.3420668
1 1685608776.3423853
1 1685608776.3439367
2 1685608776.369413
2 1685608776.3797717
2 1685608776.381337
3 1685608776.3821483
3 1685608776.382264
3 1685608776.383098
4 1685608776.428361
4 1685608776.4285507
4 1685608776.4688573
5 1685608776.4697394
5 1685608776.4699528
5 1685608776.4817657


t:  27


0 1685608776.6126773
0 1685608776.6127944
0 1685608776.613627
1 1685608776.614365
1 1685608776.6144981
1 1685608776.6275954
2 1685608776.6297684
2 1685608776.6299772
2 1685608776.6311102
3 1685608776.6321318
3 1685608776.6323125
3 1685608776.7085586
4 1685608776.7095127
4 1685608776.7163136
4 1685608776.7176387
5 1685608776.7182603
5 1685608776.7183673
5 1685608776.7191675


t:  28


0 1685608777.0861475
0 1685608777.0862892
0 1685608777.0871863
1 1685608777.0878923
1 1685608777.0880606
1 1685608777.0889442
2 1685608777.0951707
2 1685608777.0952897
2 1685608777.1736133
3 1685608777.1762002
3 1685608777.1763196
3 1685608777.1775367
4 1685608777.203007
4 1685608777.2322094
4 1685608777.2330658
5 1685608777.2549708
5 1685608777.2551327
5 1685608777.2563984


t:  29


0 1685608777.3305917
0 1685608777.4068115
0 1685608777.408325
1 1685608777.4417324
1 1685608777.441864
1 1685608777.448099
2 1685608777.4492984
2 1685608777.4494448
2 1685608777.450894
3 1685608777.4516487
3 1685608777.4517667
3 1685608777.4704382
4 1685608777.4712765
4 1685608777.4741971
4 1685608777.5373192
5 1685608777.5634546
5 1685608777.5636685
5 1685608777.5649347


t:  30


0 1685608777.7060318
0 1685608777.7061656
0 1685608777.7205262
1 1685608777.7213843
1 1685608777.7216272
1 1685608777.7225826
2 1685608777.7233922
2 1685608777.723515
2 1685608777.7298357
3 1685608777.730494
3 1685608777.7306342
3 1685608777.8851395
4 1685608777.980267
4 1685608777.980509
4 1685608777.9820924
5 1685608778.0456522
5 1685608778.1634736
5 1685608778.164501


t:  31


0 1685608778.2870579
0 1685608778.2873344
0 1685608778.288508
1 1685608778.2894037
1 1685608778.2895632
1 1685608778.3626382
2 1685608778.3666003
2 1685608778.3669362
2 1685608778.3681855
3 1685608778.5576422
3 1685608778.5578146
3 1685608778.5587513
4 1685608778.635944
4 1685608778.6361437
4 1685608778.637083
5 1685608778.7918248
5 1685608778.7920444
5 1685608778.793019


t:  32


0 1685608778.9571192
0 1685608778.9573128
0 1685608778.9793956
1 1685608779.0308716
1 1685608779.0310054
1 1685608779.0320494
2 1685608779.0328877
2 1685608779.0333226
2 1685608779.035124
3 1685608779.0362058
3 1685608779.0961206
3 1685608779.09696
4 1685608779.155904
4 1685608779.1561477
4 1685608779.158563
5 1685608779.1754818
5 1685608779.175676
5 1685608779.176959


t:  33


0 1685608779.2977228
0 1685608779.297884
0 1685608779.2988398
1 1685608779.3005176
1 1685608779.3804393
1 1685608779.4458263
2 1685608779.447657
2 1685608779.447861
2 1685608779.4518166
3 1685608779.462906
3 1685608779.477383
3 1685608779.6340237
4 1685608779.6348078
4 1685608779.6715848
4 1685608779.672948
5 1685608779.8570242
5 1685608779.8572335
5 1685608779.8582501


t:  34


0 1685608780.0493453
0 1685608780.0495298
0 1685608780.0507693
1 1685608780.1198347
1 1685608780.1201842
1 1685608780.1327994
2 1685608780.1337037
2 1685608780.1582541
2 1685608780.1597297
3 1685608780.204271
3 1685608780.2044547
3 1685608780.2061102
4 1685608780.3117356
4 1685608780.3118691
4 1685608780.3437064
5 1685608780.3446393
5 1685608780.344758
5 1685608780.3454692


t:  35


0 1685608780.4597473
0 1685608780.4598682
0 1685608780.460786
1 1685608780.4614782
1 1685608780.461618
1 1685608780.4627957
2 1685608780.4664462
2 1685608780.5467203
2 1685608780.5480866
3 1685608780.548858
3 1685608780.549005
3 1685608780.5503993
4 1685608780.5612092
4 1685608780.5921514
4 1685608780.5930438
5 1685608780.6247053
5 1685608780.624885
5 1685608780.640966


t:  36


0 1685608780.829575
0 1685608780.8298075
0 1685608780.8315024
1 1685608780.8779938
1 1685608780.9717636
1 1685608780.984091
2 1685608781.1440878
2 1685608781.1547627
2 1685608781.3181348
3 1685608781.3187618
3 1685608781.3190284
3 1685608781.5256865
4 1685608781.529912
4 1685608781.5354078
4 1685608781.536497
5 1685608781.5374193
5 1685608781.54436
5 1685608781.5678074


t:  37


0 1685608781.7873623
0 1685608781.7875304
0 1685608781.9046717
1 1685608781.910576
1 1685608781.932672
1 1685608781.933614
2 1685608781.9342716
2 1685608781.934384
2 1685608782.0604632
3 1685608782.0616815
3 1685608782.0618627
3 1685608782.0632234
4 1685608782.0651884
4 1685608782.065355
4 1685608782.0664113
5 1685608782.10553
5 1685608782.1629944
5 1685608782.1907046


t:  38


0 1685608782.5410457
0 1685608782.5411806
0 1685608782.570431
1 1685608782.5717149
1 1685608782.5719433
1 1685608782.6114798
2 1685608782.6340163
2 1685608782.634245
2 1685608782.635819
3 1685608782.657388
3 1685608782.6575613
3 1685608782.6587474
4 1685608782.6913202
4 1685608782.7065961
4 1685608782.707775
5 1685608782.739418
5 1685608782.7397196
5 1685608782.7408898


t:  39


0 1685608782.8242347
0 1685608782.8244092
0 1685608782.8258834
1 1685608782.8788245
1 1685608782.87902
1 1685608782.8803551
2 1685608782.8811207
2 1685608782.8813083
2 1685608782.95458
3 1685608782.9556901
3 1685608782.9559882
3 1685608782.9570813
4 1685608783.0770972
4 1685608783.07729
4 1685608783.0782323
5 1685608783.0788927
5 1685608783.078998
5 1685608783.0799296


t:  40


0 1685608783.3264189
0 1685608783.327302
0 1685608783.331249
1 1685608783.376909
1 1685608783.3771083
1 1685608783.3781333
2 1685608783.3843217
2 1685608783.395161
2 1685608783.5389633
3 1685608783.5400732
3 1685608783.5523837
3 1685608783.594269
4 1685608783.715044
4 1685608783.7662632
4 1685608783.767345
5 1685608783.8868704
5 1685608783.9369178
5 1685608783.9391963


t:  41


0 1685608784.4784782
0 1685608784.4786222
0 1685608784.4800856
1 1685608784.4813762
1 1685608784.4815981
1 1685608784.49465
2 1685608784.4957774
2 1685608784.4959936
2 1685608784.4971519
3 1685608784.5000536
3 1685608784.524232
3 1685608784.6192193
4 1685608784.6223383
4 1685608784.622618
4 1685608784.8110902
5 1685608784.835009
5 1685608784.8353274
5 1685608784.8640583


t:  42


0 1685608784.9196687
0 1685608784.9199047
0 1685608784.9212549
1 1685608784.964294
1 1685608784.971473
1 1685608784.9736466
2 1685608784.9742782
2 1685608784.9752743
2 1685608784.985714
3 1685608784.986463
3 1685608784.986635
3 1685608785.0069177
4 1685608785.0167284
4 1685608785.0379958
4 1685608785.0691154
5 1685608785.097427
5 1685608785.134527
5 1685608785.1358087


t:  43


0 1685608785.2508867
0 1685608785.3425505
0 1685608785.4339356
1 1685608785.434563
1 1685608785.434676
1 1685608785.4363546
2 1685608785.437119
2 1685608785.437584
2 1685608785.4660323
3 1685608785.467426
3 1685608785.4675498
3 1685608785.4736238
4 1685608785.5082054
4 1685608785.5083451
4 1685608785.511161
5 1685608785.5121927
5 1685608785.5124364
5 1685608785.5395856


t:  44


0 1685608785.644454
0 1685608785.6446285
0 1685608785.6466556
1 1685608785.6877875
1 1685608785.688142
1 1685608785.6901495
2 1685608785.7191684
2 1685608785.7193727
2 1685608785.7438705
3 1685608785.7444904
3 1685608785.7446046
3 1685608785.7452826
4 1685608785.7457972
4 1685608785.745929
4 1685608785.7465668
5 1685608785.7470706
5 1685608785.7471824
5 1685608785.7478256


t:  45


0 1685608785.842784
0 1685608785.8429077
0 1685608785.8438144
1 1685608785.8823323
1 1685608785.892444
1 1685608785.9519973
2 1685608786.0124726
2 1685608786.017787
2 1685608786.0887575
3 1685608786.1405835
3 1685608786.140872
3 1685608786.2595024
4 1685608786.2607863
4 1685608786.2612517
4 1685608786.2628567
5 1685608786.370124
5 1685608786.408577
5 1685608786.4416082


t:  46


0 1685608786.7963288
0 1685608786.7965066
0 1685608786.8936515
1 1685608787.0171185
1 1685608787.2576005
1 1685608787.258588
2 1685608787.4187534
2 1685608787.4189625
2 1685608787.4204307
3 1685608787.4586356
3 1685608787.4588654
3 1685608787.460279
4 1685608787.4610677
4 1685608787.4612288
4 1685608787.4621654
5 1685608787.5048957
5 1685608787.5050514
5 1685608787.5076623


t:  47


0 1685608787.7117553
0 1685608787.7289357
0 1685608787.730726
1 1685608787.9061358
1 1685608787.973539
1 1685608787.979416
2 1685608787.9805079
2 1685608787.9868994
2 1685608787.9885678
3 1685608788.0078604
3 1685608788.0080578
3 1685608788.009135
4 1685608788.0101428
4 1685608788.0103226
4 1685608788.1284254
5 1685608788.1294255
5 1685608788.129657
5 1685608788.131086


t:  48


0 1685608788.442178
0 1685608788.5132089
0 1685608788.514806
1 1685608788.5164106
1 1685608788.516613
1 1685608788.7810934
2 1685608788.7836962
2 1685608788.7839072
2 1685608788.7855487
3 1685608788.8692288
3 1685608788.869482
3 1685608788.8705764
4 1685608788.872266
4 1685608788.872535
4 1685608788.8742282
5 1685608788.9610758
5 1685608788.9613237
5 1685608788.9636674


t:  49


0 1685608789.035746
0 1685608789.0361748
0 1685608789.0675268
1 1685608789.0974998
1 1685608789.0976665
1 1685608789.1096275
2 1685608789.1435454
2 1685608789.143741
2 1685608789.1458497
3 1685608789.2354496
3 1685608789.2573967
3 1685608789.2595408
4 1685608789.2606068
4 1685608789.2610526
4 1685608789.3709652
5 1685608789.3736978
5 1685608789.3739498
5 1685608789.3750837


t:  50


0 1685608789.430247
0 1685608789.4304316
0 1685608789.4324577
1 1685608789.486675
1 1685608789.4868693
1 1685608789.5121882
2 1685608789.513201
2 1685608789.513388
2 1685608789.5531652
3 1685608789.560882
3 1685608789.5788991
3 1685608789.5820196
4 1685608789.6328957
4 1685608789.7492476
4 1685608789.750959
5 1685608789.7532952
5 1685608789.7535543
5 1685608789.755336


t:  51


0 1685608790.028041
0 1685608790.0282328
0 1685608790.0295775
1 1685608790.0310872
1 1685608790.031473
1 1685608790.0323987
2 1685608790.1375437
2 1685608790.1378148
2 1685608790.2320309
3 1685608790.270388
3 1685608790.2706897
3 1685608790.44427
4 1685608790.4454365
4 1685608790.4456444
4 1685608790.4465206
5 1685608790.4614365
5 1685608790.4615433
5 1685608790.518347


t:  52


0 1685608790.9019306
0 1685608790.9021664
0 1685608790.9033515
1 1685608790.9052134
1 1685608790.9054263
1 1685608790.9492803
2 1685608790.9504712
2 1685608790.9505925
2 1685608790.9514654
3 1685608790.9524639
3 1685608790.9526107
3 1685608791.0102425
4 1685608791.0435152
4 1685608791.0436757
4 1685608791.0446656
5 1685608791.048705
5 1685608791.0488563
5 1685608791.050412


t:  53


0 1685608791.1452408
0 1685608791.145385
0 1685608791.14633
1 1685608791.1469197
1 1685608791.147027
1 1685608791.3073578
2 1685608791.3341227
2 1685608791.334286
2 1685608791.3350923
3 1685608791.3368578
3 1685608791.367004
3 1685608791.368467
4 1685608791.3730526
4 1685608791.3733373
4 1685608791.374876
5 1685608791.3766816
5 1685608791.3771296
5 1685608791.4005673


t:  54


0 1685608791.6086066
0 1685608791.608788
0 1685608791.6108458
1 1685608791.6452923
1 1685608791.64546
1 1685608791.6468241
2 1685608791.6478
2 1685608791.6479876
2 1685608791.6856818
3 1685608791.6922803
3 1685608791.6924508
3 1685608791.6938164
4 1685608791.8955643
4 1685608792.0340488
4 1685608792.035839
5 1685608792.0368342
5 1685608792.037087
5 1685608792.0413845


t:  55


0 1685608792.3741093
0 1685608792.3742537
0 1685608792.375497
1 1685608792.3762817
1 1685608792.376443
1 1685608792.4139376
2 1685608792.4148092
2 1685608792.414953
2 1685608792.4500635
3 1685608792.4516015
3 1685608792.4518414
3 1685608792.523418
4 1685608792.5254903
4 1685608792.5256994
4 1685608792.5270312
5 1685608792.558162
5 1685608792.5583184
5 1685608792.5592148


t:  56


0 1685608792.7579923
0 1685608792.758195
0 1685608792.759624
1 1685608792.7778416
1 1685608792.7779777
1 1685608792.7847593
2 1685608792.8337607
2 1685608792.8338933
2 1685608792.861547
3 1685608792.8625298
3 1685608792.8767934
3 1685608792.9131377
4 1685608792.9775748
4 1685608792.9777496
4 1685608792.9792285
5 1685608792.9797246
5 1685608792.9798222
5 1685608792.9807274


t:  57


0 1685608793.3909726
0 1685608793.3911881
0 1685608793.3950446
1 1685608793.481107
1 1685608793.5132742
1 1685608793.5144823
2 1685608793.5566423
2 1685608793.5713649
2 1685608793.6247618
3 1685608793.6794395
3 1685608793.6797953
3 1685608793.7363164
4 1685608793.7982337
4 1685608793.8083441
4 1685608793.8101697
5 1685608793.819207
5 1685608793.8195288
5 1685608793.8216019


t:  58


0 1685608793.8736098
0 1685608793.8737733
0 1685608793.874913
1 1685608793.9533384
1 1685608793.953641
1 1685608793.9627469
2 1685608793.9701405
2 1685608794.0226064
2 1685608794.1261458
3 1685608794.295748
3 1685608794.2960427
3 1685608794.2975008
4 1685608794.410568
4 1685608794.4108603
4 1685608794.4124553
5 1685608794.4433086
5 1685608794.4443786
5 1685608794.4462552


t:  59


0 1685608794.6712422
0 1685608794.6736944
0 1685608794.675202
1 1685608794.6763508
1 1685608794.676518
1 1685608794.752976
2 1685608794.8177934
2 1685608794.8180633
2 1685608794.8198097
3 1685608794.843725
3 1685608794.875967
3 1685608794.8802226
4 1685608794.8814633
4 1685608794.883046
4 1685608794.9487317
5 1685608794.9766722
5 1685608794.9769387
5 1685608794.9782634


t:  60


0 1685608795.0864227
0 1685608795.0866578
0 1685608795.0887787
1 1685608795.1929634
1 1685608795.1932614
1 1685608795.205492
2 1685608795.2189167
2 1685608795.219219
2 1685608795.2213998
3 1685608795.3362892
3 1685608795.336685
3 1685608795.3387506
4 1685608795.6411393
4 1685608795.6413715
4 1685608795.6427472
5 1685608795.7072895
5 1685608795.7075193
5 1685608795.7090294


t:  61


0 1685608796.1573396
0 1685608796.1576915
0 1685608796.2369356
1 1685608796.238749
1 1685608796.2390668
1 1685608796.330595
2 1685608796.3321357
2 1685608796.3324125
2 1685608796.3349445
3 1685608796.385788
3 1685608796.38601
3 1685608796.3881726
4 1685608796.5373173
4 1685608796.5377405
4 1685608796.5395734
5 1685608796.5594
5 1685608796.55967
5 1685608796.5611482


t:  62


0 1685608796.656364
0 1685608796.6566463
0 1685608796.658614
1 1685608796.6917918
1 1685608796.6920989
1 1685608796.6934693
2 1685608796.8120532
2 1685608796.812237
2 1685608796.8262923
3 1685608796.8575642
3 1685608796.8577967
3 1685608796.8590302
4 1685608796.8597212
4 1685608796.859884
4 1685608796.8908327
5 1685608796.8928838
5 1685608796.8933616
5 1685608796.894793


t:  63


0 1685608797.3801634
0 1685608797.4559803
0 1685608797.4573693
1 1685608797.4582562
1 1685608797.4584079
1 1685608797.4591756
2 1685608797.5017555
2 1685608797.5019772
2 1685608797.5036142
3 1685608797.505115
3 1685608797.5054421
3 1685608797.5069134
4 1685608797.6047778
4 1685608797.6051362
4 1685608797.7576976
5 1685608797.7637422
5 1685608797.7640162
5 1685608797.7650182


t:  64


0 1685608797.849925
0 1685608797.9282985
0 1685608797.9300885
1 1685608797.9674604
1 1685608798.034063
1 1685608798.035354
2 1685608798.0367467
2 1685608798.0369787
2 1685608798.0853906
3 1685608798.10578
3 1685608798.1059911
3 1685608798.136691
4 1685608798.194707
4 1685608798.1949656
4 1685608798.2348819
5 1685608798.236389
5 1685608798.2366183
5 1685608798.2386057


t:  65


0 1685608798.9426103
0 1685608798.9427898
0 1685608798.94373
1 1685608798.944549
1 1685608798.9449942
1 1685608798.9460323
2 1685608799.1107655
2 1685608799.1110442
2 1685608799.1674502
3 1685608799.1687531
3 1685608799.1689312
3 1685608799.1717517
4 1685608799.3183646
4 1685608799.428216
4 1685608799.440288
5 1685608799.4516442
5 1685608799.4521937
5 1685608799.4925232


t:  66


0 1685608799.731256
0 1685608799.7314904
0 1685608799.7698112
1 1685608799.770926
1 1685608799.7711425
1 1685608799.789612
2 1685608799.8240538
2 1685608799.8242176
2 1685608799.8261948
3 1685608799.8696337
3 1685608799.9854755
3 1685608799.986892
4 1685608800.0172527
4 1685608800.0174346
4 1685608800.0842109
5 1685608800.0851898
5 1685608800.0853162
5 1685608800.086248


t:  67


0 1685608800.209535
0 1685608800.2121184
0 1685608800.213176
1 1685608800.3924713
1 1685608800.3927214
1 1685608800.3937058
2 1685608800.3983607
2 1685608800.3985329
2 1685608800.3993833
3 1685608800.4441905
3 1685608800.444386
3 1685608800.4456651
4 1685608800.5589755
4 1685608800.559175
4 1685608800.6308055
5 1685608800.6320474
5 1685608800.6321967
5 1685608800.633734


t:  68


0 1685608800.9901423
0 1685608800.9903326
0 1685608800.9916399
1 1685608801.028205
1 1685608801.0283952
1 1685608801.0299866
2 1685608801.0328388
2 1685608801.0330172
2 1685608801.0647829
3 1685608801.0699363
3 1685608801.070677
3 1685608801.1052685
4 1685608801.1076326
4 1685608801.1081703
4 1685608801.3254046
5 1685608801.3529086
5 1685608801.3642116
5 1685608801.4432783


t:  69


0 1685608801.555069
0 1685608801.5554845
0 1685608801.5850747
1 1685608801.633704
1 1685608801.63386
1 1685608801.6388774
2 1685608801.6394997
2 1685608801.6396177
2 1685608801.6403413
3 1685608801.6473541
3 1685608801.6475554
3 1685608801.694679
4 1685608801.6958177
4 1685608801.6960151
4 1685608801.6970556
5 1685608801.9231677
5 1685608801.9233408
5 1685608801.9409401


t:  70


0 1685608802.124996
0 1685608802.2923634
0 1685608802.3372967
1 1685608802.3379157
1 1685608802.3380444
1 1685608802.3387406
2 1685608802.3393266
2 1685608802.3394432
2 1685608802.3945544
3 1685608802.3958495
3 1685608802.4040308
3 1685608802.4082131
4 1685608802.410038
4 1685608802.4387567
4 1685608802.4400618
5 1685608802.4410028
5 1685608802.4411192
5 1685608802.4418256


t:  71


0 1685608802.497977
0 1685608802.4980927
0 1685608802.5002532
1 1685608802.5246441
1 1685608802.524868
1 1685608802.5258062
2 1685608802.6411738
2 1685608802.6413054
2 1685608802.642421
3 1685608802.6437862
3 1685608802.6439767
3 1685608802.7755551
4 1685608802.7764974
4 1685608802.7766922
4 1685608802.7775733
5 1685608802.7786875
5 1685608802.778851
5 1685608802.8065028


t:  72


0 1685608802.9178264
0 1685608802.9179482
0 1685608802.918798
1 1685608802.9195907
1 1685608802.919756
1 1685608802.9213307
2 1685608802.9630473
2 1685608802.9632053
2 1685608802.9813688
3 1685608802.982266
3 1685608802.9938715
3 1685608803.0128968
4 1685608803.0136638
4 1685608803.0137966
4 1685608803.0146902
5 1685608803.015656
5 1685608803.0159435
5 1685608803.056394


t:  73


0 1685608803.1777143
0 1685608803.2522655
0 1685608803.2626734
1 1685608803.30874
1 1685608803.30888
1 1685608803.311382
2 1685608803.3451169
2 1685608803.406609
2 1685608803.4078355
3 1685608803.4715865
3 1685608803.471785
3 1685608803.4731905
4 1685608803.474883
4 1685608803.475087
4 1685608803.5188768
5 1685608803.5206459
5 1685608803.521077
5 1685608803.5436504


t:  74


0 1685608803.7791522
0 1685608803.7793229
0 1685608803.7958424
1 1685608803.9341557
1 1685608803.934306
1 1685608803.9357026
2 1685608803.936845
2 1685608803.9371853
2 1685608803.9396422
3 1685608804.0081763
3 1685608804.0083783
3 1685608804.0207663
4 1685608804.0227256
4 1685608804.0232494
4 1685608804.0248792
5 1685608804.0456743
5 1685608804.0458176
5 1685608804.0467782


t:  75


0 1685608804.14501
0 1685608804.1451328
0 1685608804.1460047
1 1685608804.1467662
1 1685608804.146872
1 1685608804.2215407
2 1685608804.4350936
2 1685608804.4352298
2 1685608804.436429
3 1685608804.4375956
3 1685608804.4377189
3 1685608804.4385056
4 1685608804.4389668
4 1685608804.4390678
4 1685608804.4396925
5 1685608804.440425
5 1685608804.4405332
5 1685608804.4411268


t:  76


0 1685608804.617302
0 1685608804.6175218
0 1685608804.6203806
1 1685608804.7197683
1 1685608804.719987
1 1685608804.7211158
2 1685608804.9039505
2 1685608805.1057765
2 1685608805.153697
3 1685608805.1543665
3 1685608805.1544895
3 1685608805.155186
4 1685608805.1557899
4 1685608805.1560893
4 1685608805.2535048
5 1685608805.4859076
5 1685608805.4913316
5 1685608805.4922795


t:  77


0 1685608805.689461
0 1685608805.7261384
0 1685608805.764267
1 1685608805.76515
1 1685608805.7652655
1 1685608805.7661972
2 1685608805.8610976
2 1685608805.9414358
2 1685608805.942616
3 1685608805.9440618
3 1685608805.9659874
3 1685608805.9769917
4 1685608805.980078
4 1685608805.9802213
4 1685608806.039454
5 1685608806.05878
5 1685608806.0589128
5 1685608806.1077578


t:  78


0 1685608806.2471526
0 1685608806.2473521
0 1685608806.251856
1 1685608806.2530887
1 1685608806.2586277
1 1685608806.2897556
2 1685608806.3166428
2 1685608806.4504898
2 1685608806.7499776
3 1685608806.7538385
3 1685608806.7540264
3 1685608806.7549489
4 1685608806.7569265
4 1685608806.7571037
4 1685608806.769143
5 1685608806.8224025
5 1685608806.822565
5 1685608806.823572


t:  79


0 1685608806.942052
0 1685608806.9422026
0 1685608806.9937062
1 1685608807.0102139
1 1685608807.0103738
1 1685608807.012103
2 1685608807.0129044
2 1685608807.013068
2 1685608807.01381
3 1685608807.1040742
3 1685608807.104269
3 1685608807.105568
4 1685608807.1063182
4 1685608807.1064825
4 1685608807.1073203
5 1685608807.1089818
5 1685608807.1093502
5 1685608807.1272373


t:  80


0 1685608807.1404874
0 1685608807.1406229
0 1685608807.141589
1 1685608807.1433277
1 1685608807.1434696
1 1685608807.1493278
2 1685608807.1500409
2 1685608807.1501594
2 1685608807.2265625
3 1685608807.2272623
3 1685608807.227376
3 1685608807.2281432
4 1685608807.2294698
4 1685608807.2299232
4 1685608807.2486355
5 1685608807.2545526
5 1685608807.2546854
5 1685608807.2555737


t:  81


0 1685608807.4043348
0 1685608807.4044557
0 1685608807.4056394
1 1685608807.406377
1 1685608807.4065711
1 1685608807.489519
2 1685608807.5739598
2 1685608807.5741243
2 1685608807.6137197
3 1685608807.6144438
3 1685608807.6346273
3 1685608807.6357176
4 1685608807.72304
4 1685608807.7231984
4 1685608807.8086555
5 1685608807.8100612
5 1685608807.810267
5 1685608807.811458


t:  82


0 1685608807.8928776
0 1685608807.8930638
0 1685608807.894006
1 1685608807.9020503
1 1685608807.9022326
1 1685608807.9032638
2 1685608807.9041564
2 1685608807.9043062
2 1685608808.053158
3 1685608808.0542684
3 1685608808.0544112
3 1685608808.0551116
4 1685608808.0555472
4 1685608808.0556757
4 1685608808.2041109
5 1685608808.2051437
5 1685608808.205285
5 1685608808.206303


t:  83


0 1685608808.4543667
0 1685608808.454592
0 1685608808.4559915
1 1685608808.546071
1 1685608808.5729115
1 1685608808.6377535
2 1685608808.6679301
2 1685608808.6681266
2 1685608808.6691358
3 1685608808.772891
3 1685608808.7735822
3 1685608808.774702
4 1685608808.7755637
4 1685608808.7757266
4 1685608808.853844
5 1685608808.938369
5 1685608808.9387274
5 1685608808.9436707


t:  84


0 1685608809.017777
0 1685608809.0231266
0 1685608809.0585291
1 1685608809.059337
1 1685608809.0594735
1 1685608809.0606947
2 1685608809.0813076
2 1685608809.0814548
2 1685608809.0828853
3 1685608809.083551
3 1685608809.0836623
3 1685608809.0852318
4 1685608809.1777685
4 1685608809.1780272
4 1685608809.1792185
5 1685608809.2763042
5 1685608809.3540905
5 1685608809.3551443


t:  85


0 1685608809.4018137
0 1685608809.4020576
0 1685608809.4145863
1 1685608809.41554
1 1685608809.4156744
1 1685608809.4166427
2 1685608809.4174376
2 1685608809.4175594
2 1685608809.4189045
3 1685608809.6923697
3 1685608809.6925852
3 1685608809.7178454
4 1685608809.7199538
4 1685608809.8004065
4 1685608809.801638
5 1685608809.8025968
5 1685608809.8027456
5 1685608809.8595855


t:  86


0 1685608809.893065
0 1685608809.8933058
0 1685608809.8950672
1 1685608809.946225
1 1685608809.9464557
1 1685608809.9482577
2 1685608809.9491558
2 1685608809.9493663
2 1685608809.9557521
3 1685608810.0922952
3 1685608810.0924761
3 1685608810.0934873
4 1685608810.1498356
4 1685608810.1499915
4 1685608810.2597086
5 1685608810.262728
5 1685608810.2629693
5 1685608810.2658193


t:  87


0 1685608810.4016418
0 1685608810.401813
0 1685608810.4031434
1 1685608810.4314268
1 1685608810.4614875
1 1685608810.4626553
2 1685608810.463409
2 1685608810.4635565
2 1685608810.4644904
3 1685608810.4664702
3 1685608810.5226767
3 1685608810.524846
4 1685608810.5282924
4 1685608810.5285847
4 1685608810.529805
5 1685608810.5308042
5 1685608810.5309699
5 1685608810.5327241


t:  88


0 1685608810.6389606
0 1685608810.7284179
0 1685608810.7295194
1 1685608810.88705
1 1685608810.9149115
1 1685608810.9761722
2 1685608810.9770002
2 1685608810.9772308
2 1685608810.9783576
3 1685608810.9861069
3 1685608810.9952464
3 1685608810.9964843
4 1685608811.0575943
4 1685608811.057755
4 1685608811.0586188
5 1685608811.0943942
5 1685608811.110552
5 1685608811.1204796


t:  89


0 1685608811.3533375
0 1685608811.353554
0 1685608811.3551188
1 1685608811.5166354
1 1685608811.516775
1 1685608811.5176914
2 1685608811.5187285
2 1685608811.5188959
2 1685608811.5344682
3 1685608811.6938365
3 1685608811.7170534
3 1685608811.7180586
4 1685608811.7775788
4 1685608811.7777624
4 1685608811.7789505
5 1685608811.8139613
5 1685608811.8602993
5 1685608811.8635702


t:  90


0 1685608812.167168
0 1685608812.1673484
0 1685608812.1685808
1 1685608812.170397
1 1685608812.1706514
1 1685608812.197192
2 1685608812.1983871
2 1685608812.1985173
2 1685608812.1993346
3 1685608812.201047
3 1685608812.2011855
3 1685608812.2551641
4 1685608812.2564554
4 1685608812.256641
4 1685608812.2585406
5 1685608812.3231838
5 1685608812.3233478
5 1685608812.3253074


t:  91


0 1685608812.4754393
0 1685608812.4756181
0 1685608812.4773731
1 1685608812.5868506
1 1685608812.5871117
1 1685608812.5886052
2 1685608812.6478076
2 1685608812.648082
2 1685608812.6493914
3 1685608812.6556315
3 1685608812.6560805
3 1685608812.7161443
4 1685608812.718114
4 1685608812.7185173
4 1685608812.991144
5 1685608812.9925203
5 1685608812.9928575
5 1685608813.0747483


t:  92


0 1685608813.2721882
0 1685608813.2723231
0 1685608813.2733319
1 1685608813.3234248
1 1685608813.323622
1 1685608813.3248396
2 1685608813.3818688
2 1685608813.3826118
2 1685608813.4046695
3 1685608813.4059775
3 1685608813.406153
3 1685608813.4082325
4 1685608813.4101245
4 1685608813.4491184
4 1685608813.4503398
5 1685608813.56775
5 1685608813.5679255
5 1685608813.5694137


t:  93


0 1685608813.7124593
0 1685608813.712589
0 1685608813.7140818
1 1685608813.7150583
1 1685608813.7210982
1 1685608813.7658052
2 1685608813.766715
2 1685608813.7668843
2 1685608813.7679546
3 1685608813.904665
3 1685608813.9048343
3 1685608813.906312
4 1685608813.906989
4 1685608813.9071045
4 1685608813.909726
5 1685608813.940649
5 1685608813.9409215
5 1685608814.1127036


t:  94


0 1685608814.497526
0 1685608814.5648246
0 1685608814.6222494
1 1685608814.686329
1 1685608814.6865575
1 1685608814.6889377
2 1685608814.7230082
2 1685608814.7231805
2 1685608814.7241607
3 1685608814.7250724
3 1685608814.7252154
3 1685608814.7260668
4 1685608814.7571418
4 1685608814.817348
4 1685608814.8189392
5 1685608814.8221388
5 1685608814.8222783
5 1685608814.823164


t:  95


0 1685608815.104783
0 1685608815.1051798
0 1685608815.1068015
1 1685608815.1515403
1 1685608815.2838593
1 1685608815.3009431
2 1685608815.3023663
2 1685608815.302663
2 1685608815.304554
3 1685608815.4205418
3 1685608815.4281154
3 1685608815.4643922
4 1685608815.4760623
4 1685608815.5675662
4 1685608815.5688658
5 1685608815.570079
5 1685608815.5702796
5 1685608815.6305335


t:  96


0 1685608815.8719094
0 1685608815.9698756
0 1685608815.9716957
1 1685608815.9736516
1 1685608815.974296
1 1685608816.0871577
2 1685608816.0989985
2 1685608816.0992353
2 1685608816.231392
3 1685608816.3999944
3 1685608816.4759927
3 1685608816.4780872
4 1685608816.4790838
4 1685608816.4792159
4 1685608816.4802632
5 1685608816.5173292
5 1685608816.5175207
5 1685608816.5201447


t:  97


0 1685608816.930637
0 1685608816.930893
0 1685608816.9325123
1 1685608817.0604413
1 1685608817.0607464
1 1685608817.0622237
2 1685608817.0630043
2 1685608817.063166
2 1685608817.064711
3 1685608817.354452
3 1685608817.3546872
3 1685608817.3564856
4 1685608817.3574097
4 1685608817.3575778
4 1685608817.4410825
5 1685608817.4422293
5 1685608817.44241
5 1685608817.5202076


t:  98


0 1685608817.6266727
0 1685608817.626794
0 1685608817.6285439
1 1685608817.62933
1 1685608817.629503
1 1685608817.630426
2 1685608817.6450956
2 1685608817.6452808
2 1685608817.7077165
3 1685608817.7100601
3 1685608817.7102952
3 1685608817.7856617
4 1685608818.0056055
4 1685608818.0065224
4 1685608818.0074277
5 1685608818.0081208
5 1685608818.008262
5 1685608818.0108328


t:  99


0 1685608818.2071564
0 1685608818.2073236
0 1685608818.2086613
1 1685608818.246521
1 1685608818.2466643
1 1685608818.2483997
2 1685608818.2492394
2 1685608818.2494297
2 1685608818.2504206
3 1685608818.251477
3 1685608818.2515962
3 1685608818.321369
4 1685608818.3224595
4 1685608818.6735604
4 1685608818.83094
5 1685608818.832378
5 1685608818.83811
5 1685608819.172789
done
(base) ]0;steven@steven-VirtualBox: ~/catkin_ws/src/controller_py/src[01;32msteven@steven-VirtualBox[00m:[01;34m~/catkin_ws/src/controller_py/src[00m$ exit
exit

Script done on 2023-06-01 10:40:24+02:00 [COMMAND_EXIT_CODE="0"]
