t:  0


0 1685608899.1192577
0 1685608899.1194234
0 1685608899.130709
1 1685608899.1366546
1 1685608899.136935
1 1685608899.154992
2 1685608899.1553354
2 1685608899.1555483
2 1685608899.1567843
3 1685608899.1571262
3 1685608899.15728
3 1685608899.1584167


t:  1


0 1685608899.414319
0 1685608899.41447
0 1685608899.4153035
1 1685608899.4205346
1 1685608899.4206812
1 1685608899.4217184
2 1685608899.4223206
2 1685608899.4225159
2 1685608899.4241288
3 1685608899.424583
3 1685608899.4350843
3 1685608899.544168


t:  2


0 1685608899.5546918
0 1685608899.5548167
0 1685608899.5555668
1 1685608899.556845
1 1685608899.55697
1 1685608899.5578518
2 1685608899.5967171
2 1685608899.596896
2 1685608899.598276
3 1685608899.598654
3 1685608899.598738
3 1685608899.5992641


t:  3


0 1685608899.6089313
0 1685608899.609048
0 1685608899.6325228
1 1685608899.6650457
1 1685608899.6652248
1 1685608899.6663089
2 1685608899.6669147
2 1685608899.6670218
2 1685608899.6679747
3 1685608899.668508
3 1685608899.6686091
3 1685608899.6695614


t:  4


0 1685608899.7067275
0 1685608899.7068572
0 1685608899.707738
1 1685608899.773393
1 1685608899.7735722
1 1685608899.8973985
2 1685608899.8982973
2 1685608899.8984647
2 1685608899.8993578
3 1685608899.9003148
3 1685608899.9005563
3 1685608899.901425


t:  5


0 1685608899.9402437
0 1685608899.9403892
0 1685608899.9412324
1 1685608899.9419777
1 1685608899.9420881
1 1685608899.9427392
2 1685608899.9449387
2 1685608899.9717543
2 1685608899.9950142
3 1685608899.995743
3 1685608899.9959064
3 1685608899.996552


t:  6


0 1685608900.0577633
0 1685608900.0578914
0 1685608900.05867
1 1685608900.0594568
1 1685608900.0596006
1 1685608900.0602443
2 1685608900.0616798
2 1685608900.06177
2 1685608900.0928018
3 1685608900.0938222
3 1685608900.0939949
3 1685608900.094971


t:  7


0 1685608900.252554
0 1685608900.2526846
0 1685608900.2682664
1 1685608900.2701373
1 1685608900.2702863
1 1685608900.2711556
2 1685608900.2719562
2 1685608900.2720554
2 1685608900.2993605
3 1685608900.3001263
3 1685608900.3002286
3 1685608900.330637


t:  8


0 1685608900.363002
0 1685608900.3631916
0 1685608900.366879
1 1685608900.4801822
1 1685608900.48038
1 1685608900.5004954
2 1685608900.5233016
2 1685608900.5234804
2 1685608900.5244634
3 1685608900.5257058
3 1685608900.5258262
3 1685608900.5368621


t:  9


0 1685608900.635689
0 1685608900.6361492
0 1685608900.637759
1 1685608900.6705136
1 1685608900.670861
1 1685608900.671995
2 1685608900.701262
2 1685608900.7014225
2 1685608900.7028587
3 1685608900.731121
3 1685608900.7313354
3 1685608900.732716


t:  10


0 1685608900.7418077
0 1685608900.741924
0 1685608900.7772646
1 1685608900.8061101
1 1685608900.8062925
1 1685608900.807938
2 1685608900.8089325
2 1685608900.809001
2 1685608900.8101053
3 1685608900.8160753
3 1685608900.816181
3 1685608900.8183


t:  11


0 1685608900.8448448
0 1685608900.84494
0 1685608900.8456614
1 1685608900.846128
1 1685608900.8463953
1 1685608900.852565
2 1685608901.0360618
2 1685608901.0641916
2 1685608901.1195009
3 1685608901.1209047
3 1685608901.1440866
3 1685608901.155736


t:  12


0 1685608901.2790172
0 1685608901.3056524
0 1685608901.3085697
1 1685608901.3450682
1 1685608901.424196
1 1685608901.4251034
2 1685608901.4477603
2 1685608901.4489954
2 1685608901.5212018
3 1685608901.540509
3 1685608901.540682
3 1685608901.646057


t:  13


0 1685608901.699075
0 1685608901.6999776
0 1685608901.7013962
1 1685608901.7632391
1 1685608901.7633495
1 1685608901.7815418
2 1685608901.8039973
2 1685608901.804209
2 1685608901.8052511
3 1685608901.8442328
3 1685608901.8443992
3 1685608901.84536


t:  14


0 1685608901.9054642
0 1685608901.9056122
0 1685608901.9066267
1 1685608901.907359
1 1685608901.9075027
1 1685608901.9089417
2 1685608901.910021
2 1685608901.9304895
2 1685608901.9313881
3 1685608901.936537
3 1685608901.936647
3 1685608901.9373624


t:  15


0 1685608901.97634
0 1685608901.9765518
0 1685608901.9894705
1 1685608902.042522
1 1685608902.0426702
1 1685608902.043502
2 1685608902.0440717
2 1685608902.0441678
2 1685608902.044739
3 1685608902.045172
3 1685608902.045291
3 1685608902.0458875


t:  16


0 1685608902.0610752
0 1685608902.0619287
0 1685608902.0823638
1 1685608902.0830235
1 1685608902.0831192
1 1685608902.2080297
2 1685608902.239526
2 1685608902.2396657
2 1685608902.2405968
3 1685608902.2546592
3 1685608902.2548127
3 1685608902.2556689


t:  17


0 1685608902.3505669
0 1685608902.3506734
0 1685608902.4040534
1 1685608902.4054637
1 1685608902.4055896
1 1685608902.4172535
2 1685608902.441171
2 1685608902.4413006
2 1685608902.4421365
3 1685608902.5063584
3 1685608902.5065432
3 1685608902.5073757


t:  18


0 1685608902.6021383
0 1685608902.6022837
0 1685608902.6036303
1 1685608902.6249037
1 1685608902.6250181
1 1685608902.6258712
2 1685608902.6263306
2 1685608902.6264172
2 1685608902.6270278
3 1685608902.6510189
3 1685608902.6593897
3 1685608902.6601577


t:  19


0 1685608902.7025836
0 1685608902.7027028
0 1685608902.7038531
1 1685608902.7068157
1 1685608902.7069945
1 1685608902.709004
2 1685608902.7126067
2 1685608902.712813
2 1685608902.7143273
3 1685608902.7180345
3 1685608902.7181456
3 1685608902.773732


t:  20


0 1685608902.8628287
0 1685608902.862928
0 1685608902.8635798
1 1685608902.8641021
1 1685608902.8641963
1 1685608902.8648503
2 1685608902.865511
2 1685608902.8864465
2 1685608902.887682
3 1685608902.8886418
3 1685608902.8887482
3 1685608902.88986


t:  21


0 1685608902.9303386
0 1685608902.9304352
0 1685608902.9401228
1 1685608902.9830468
1 1685608902.9831834
1 1685608902.9840906
2 1685608902.9846444
2 1685608902.9847555
2 1685608902.9854069
3 1685608902.9888346
3 1685608902.9891102
3 1685608903.0296564


t:  22


0 1685608903.0950532
0 1685608903.0952067
0 1685608903.0963137
1 1685608903.0968146
1 1685608903.1102958
1 1685608903.111109
2 1685608903.111798
2 1685608903.1119235
2 1685608903.1127682
3 1685608903.1132503
3 1685608903.1133387
3 1685608903.181649


t:  23


0 1685608903.2089336
0 1685608903.209272
0 1685608903.210137
1 1685608903.2106485
1 1685608903.2107794
1 1685608903.2115877
2 1685608903.2466235
2 1685608903.2467532
2 1685608903.2475371
3 1685608903.2484326
3 1685608903.2485337
3 1685608903.2499437


t:  24


0 1685608903.2734277
0 1685608903.2735422
0 1685608903.2744496
1 1685608903.3180695
1 1685608903.3182898
1 1685608903.370484
2 1685608903.3713586
2 1685608903.3715878
2 1685608903.471294
3 1685608903.4730966
3 1685608903.4732556
3 1685608903.4740782


t:  25


0 1685608903.817509
0 1685608903.8176486
0 1685608903.8185072
1 1685608903.8377068
1 1685608903.8378394
1 1685608903.838705
2 1685608903.8636568
2 1685608903.8637812
2 1685608903.891603
3 1685608903.8924751
3 1685608903.8926153
3 1685608903.8933415


t:  26


0 1685608903.9897933
0 1685608904.0140727
0 1685608904.0297666
1 1685608904.0353954
1 1685608904.0563273
1 1685608904.0812676
2 1685608904.1050777
2 1685608904.1309261
2 1685608904.1576722
3 1685608904.1990032
3 1685608904.212385
3 1685608904.2175217


t:  27


0 1685608904.3924024
0 1685608904.3925576
0 1685608904.4443028
1 1685608904.4516952
1 1685608904.4520361
1 1685608904.4552479
2 1685608904.534009
2 1685608904.5342755
2 1685608904.5363855
3 1685608904.602436
3 1685608904.602569
3 1685608904.6052532


t:  28


0 1685608904.7278552
0 1685608904.728026
0 1685608904.7291112
1 1685608904.7349832
1 1685608904.735185
1 1685608904.7369082
2 1685608904.7376926
2 1685608904.7378244
2 1685608904.738782
3 1685608904.8022146
3 1685608904.8024752
3 1685608904.8037179


t:  29


0 1685608904.9574637
0 1685608904.9845219
0 1685608905.023291
1 1685608905.029987
1 1685608905.050175
1 1685608905.0562453
2 1685608905.2008395
2 1685608905.2010067
2 1685608905.3695004
3 1685608905.3705237
3 1685608905.3708
3 1685608905.4276478


t:  30


0 1685608905.5705903
0 1685608905.570778
0 1685608905.5720468
1 1685608905.572902
1 1685608905.5731323
1 1685608905.6912243
2 1685608905.832717
2 1685608905.9338248
2 1685608905.9346867
3 1685608905.9371245
3 1685608905.9373858
3 1685608905.9735973


t:  31


0 1685608906.106399
0 1685608906.1068873
0 1685608906.1079478
1 1685608906.1088762
1 1685608906.1092615
1 1685608906.1745553
2 1685608906.1754763
2 1685608906.175581
2 1685608906.1762578
3 1685608906.1774154
3 1685608906.1775348
3 1685608906.2575982


t:  32


0 1685608906.619666
0 1685608906.6197765
0 1685608906.620695
1 1685608906.6213872
1 1685608906.6214778
1 1685608906.6228817
2 1685608906.6234565
2 1685608906.6236734
2 1685608906.6399088
3 1685608906.640665
3 1685608906.6915462
3 1685608906.7076306


t:  33


0 1685608906.8280847
0 1685608906.866905
0 1685608906.9116075
1 1685608907.089626
1 1685608907.089856
1 1685608907.1401503
2 1685608907.1650963
2 1685608907.20527
2 1685608907.2772937
3 1685608907.2781744
3 1685608907.2783208
3 1685608907.280024


t:  34


0 1685608907.3442614
0 1685608907.3443646
0 1685608907.347607
1 1685608907.3482783
1 1685608907.3483698
1 1685608907.3491004
2 1685608907.3524282
2 1685608907.3525405
2 1685608907.3534448
3 1685608907.3539953
3 1685608907.3540924
3 1685608907.3716857


t:  35


0 1685608907.4040287
0 1685608907.4041512
0 1685608907.4123275
1 1685608907.4143682
1 1685608907.4144914
1 1685608907.4532337
2 1685608907.4545572
2 1685608907.4546602
2 1685608907.4564552
3 1685608907.464025
3 1685608907.4641545
3 1685608907.465898


t:  36


0 1685608907.4903486
0 1685608907.490504
0 1685608907.4918292
1 1685608907.492773
1 1685608907.4929838
1 1685608907.5095468
2 1685608907.5101812
2 1685608907.510277
2 1685608907.5110579
3 1685608907.5123715
3 1685608907.5124888
3 1685608907.5132015


t:  37


0 1685608907.5363832
0 1685608907.5364797
0 1685608907.5376265
1 1685608907.5627828
1 1685608907.562997
1 1685608907.5662813
2 1685608907.5671198
2 1685608907.5672724
2 1685608907.5685322
3 1685608907.620528
3 1685608907.6208074
3 1685608907.6235232


t:  38


0 1685608907.664789
0 1685608907.6650138
0 1685608907.6900105
1 1685608907.690825
1 1685608907.6909413
1 1685608907.6917386
2 1685608907.6925323
2 1685608907.6926436
2 1685608907.6987815
3 1685608907.6996624
3 1685608907.6997914
3 1685608907.703336


t:  39


0 1685608907.7500534
0 1685608907.7501645
0 1685608907.7509077
1 1685608907.7517173
1 1685608907.7519088
1 1685608907.7532606
2 1685608907.7942894
2 1685608907.7944157
2 1685608907.7951195
3 1685608907.7960093
3 1685608907.7962294
3 1685608907.7970302


t:  40


0 1685608907.911577
0 1685608907.9330785
0 1685608908.0295188
1 1685608908.051184
1 1685608908.05681
1 1685608908.0894299
2 1685608908.1543753
2 1685608908.1683137
2 1685608908.1962485
3 1685608908.2043529
3 1685608908.2105513
3 1685608908.2149131


t:  41


0 1685608908.345816
0 1685608908.3609002
0 1685608908.380974
1 1685608908.411221
1 1685608908.4114366
1 1685608908.4391263
2 1685608908.4847643
2 1685608908.5652642
2 1685608908.5662122
3 1685608908.5672278
3 1685608908.5799766
3 1685608908.5840614


t:  42


0 1685608908.6538188
0 1685608908.6789362
0 1685608908.6823199
1 1685608908.7103608
1 1685608908.7105072
1 1685608908.7442849
2 1685608908.7556012
2 1685608908.7557938
2 1685608908.7728796
3 1685608908.7735972
3 1685608908.773737
3 1685608908.7745957


t:  43


0 1685608908.9651747
0 1685608908.9653025
0 1685608908.9662006
1 1685608908.967093
1 1685608908.967247
1 1685608908.9680567
2 1685608908.9684944
2 1685608908.96861
2 1685608908.9693086
3 1685608908.9697666
3 1685608908.9698746
3 1685608908.970558


t:  44


0 1685608909.016557
0 1685608909.031228
0 1685608909.0330029
1 1685608909.0354164
1 1685608909.0356538
1 1685608909.036888
2 1685608909.0669408
2 1685608909.0670755
2 1685608909.0679517
3 1685608909.0722275
3 1685608909.0723808
3 1685608909.0732114


t:  45


0 1685608909.25819
0 1685608909.2582972
0 1685608909.2590396
1 1685608909.3623443
1 1685608909.3625028
1 1685608909.3635526
2 1685608909.3810005
2 1685608909.381121
2 1685608909.3820965
3 1685608909.3849201
3 1685608909.416376
3 1685608909.5743597


t:  46


0 1685608909.8306186
0 1685608909.840513
0 1685608909.8427322
1 1685608909.875411
1 1685608909.8755953
1 1685608909.880834
2 1685608909.90031
2 1685608909.9004421
2 1685608909.901556
3 1685608909.908067
3 1685608909.9082062
3 1685608909.995567


t:  47


0 1685608910.012638
0 1685608910.0127788
0 1685608910.020225
1 1685608910.0210555
1 1685608910.0211775
1 1685608910.0345519
2 1685608910.0638666
2 1685608910.0641022
2 1685608910.0650592
3 1685608910.0670257
3 1685608910.0673103
3 1685608910.0839112


t:  48


0 1685608910.121632
0 1685608910.1217976
0 1685608910.126052
1 1685608910.1323419
1 1685608910.1325042
1 1685608910.133424
2 1685608910.189905
2 1685608910.238261
2 1685608910.2472498
3 1685608910.248449
3 1685608910.2485647
3 1685608910.3126402


t:  49


0 1685608910.45001
0 1685608910.450204
0 1685608910.4513237
1 1685608910.4896333
1 1685608910.489781
1 1685608910.5098674
2 1685608910.5800579
2 1685608910.5802665
2 1685608910.5839279
3 1685608910.605834
3 1685608910.6059756
3 1685608910.6067667


t:  50


0 1685608910.683415
0 1685608910.6835086
0 1685608910.6843305
1 1685608910.6857843
1 1685608910.685911
1 1685608910.6867883
2 1685608910.687526
2 1685608910.68762
2 1685608910.6884506
3 1685608910.6891136
3 1685608910.6891975
3 1685608910.6898334


t:  51


0 1685608910.7299268
0 1685608910.7300222
0 1685608910.731077
1 1685608910.7324128
1 1685608910.7325265
1 1685608910.7331128
2 1685608910.7335465
2 1685608910.7336287
2 1685608910.7347677
3 1685608910.7354739
3 1685608910.7355654
3 1685608910.7365797


t:  52


0 1685608910.778299
0 1685608910.778411
0 1685608910.7791572
1 1685608910.7874296
1 1685608910.7876904
1 1685608910.79315
2 1685608910.827179
2 1685608910.827329
2 1685608910.8286948
3 1685608910.829496
3 1685608910.829623
3 1685608910.8303022


t:  53


0 1685608910.8794384
0 1685608910.8795784
0 1685608910.8804932
1 1685608910.92134
1 1685608910.9215019
1 1685608910.922279
2 1685608910.9243548
2 1685608910.9244587
2 1685608910.925103
3 1685608910.9560528
3 1685608910.9561806
3 1685608910.9611216


t:  54


0 1685608911.0300627
0 1685608911.0301752
0 1685608911.0338573
1 1685608911.0417979
1 1685608911.0419326
1 1685608911.0427067
2 1685608911.177475
2 1685608911.1777062
2 1685608911.1788936
3 1685608911.1794882
3 1685608911.1805425
3 1685608911.1813722


t:  55


0 1685608911.2326677
0 1685608911.2329197
0 1685608911.233655
1 1685608911.249447
1 1685608911.2496455
1 1685608911.2517822
2 1685608911.2528737
2 1685608911.2530403
2 1685608911.2889307
3 1685608911.289807
3 1685608911.289917
3 1685608911.290615


t:  56


0 1685608911.4416697
0 1685608911.441865
0 1685608911.4471164
1 1685608911.4477162
1 1685608911.4478128
1 1685608911.448502
2 1685608911.5513246
2 1685608911.551612
2 1685608911.5535536
3 1685608911.5664275
3 1685608911.5666254
3 1685608911.5892477


t:  57


0 1685608911.7546482
0 1685608911.760705
0 1685608911.7729285
1 1685608911.8748229
1 1685608911.875036
1 1685608911.876956
2 1685608911.8791695
2 1685608911.8793128
2 1685608911.8903716
3 1685608911.93852
3 1685608911.9388125
3 1685608911.9539793


t:  58


0 1685608912.0049343
0 1685608912.0051
0 1685608912.0572321
1 1685608912.118021
1 1685608912.1873484
1 1685608912.2023864
2 1685608912.2057126
2 1685608912.2186613
2 1685608912.248752
3 1685608912.2720373
3 1685608912.2721665
3 1685608912.273107


t:  59


0 1685608912.4024565
0 1685608912.4025915
0 1685608912.4426103
1 1685608912.4773722
1 1685608912.4775808
1 1685608912.4783444
2 1685608912.4790463
2 1685608912.492403
2 1685608912.4932046
3 1685608912.4936135
3 1685608912.4937136
3 1685608912.4943218


t:  60


0 1685608912.505806
0 1685608912.505928
0 1685608912.509965
1 1685608912.5173697
1 1685608912.5175138
1 1685608912.5639732
2 1685608912.5643723
2 1685608912.5702746
2 1685608912.5736914
3 1685608912.575815
3 1685608912.576019
3 1685608912.578831


t:  61


0 1685608912.6398335
0 1685608912.6399643
0 1685608912.6415157
1 1685608912.6995828
1 1685608912.6997106
1 1685608912.7004418
2 1685608912.759137
2 1685608912.7592642
2 1685608912.7601383
3 1685608912.760559
3 1685608912.760645
3 1685608912.7612054


t:  62


0 1685608912.801131
0 1685608912.8012757
0 1685608912.8025172
1 1685608912.8718648
1 1685608912.8720467
1 1685608912.8732376
2 1685608912.878349
2 1685608912.878455
2 1685608912.9584987
3 1685608912.9594483
3 1685608912.959546
3 1685608912.960289


t:  63


0 1685608913.0740771
0 1685608913.074227
0 1685608913.0754511
1 1685608913.0769584
1 1685608913.077126
1 1685608913.0786285
2 1685608913.1056957
2 1685608913.1058865
2 1685608913.1070187
3 1685608913.107842
3 1685608913.108061
3 1685608913.1088433


t:  64


0 1685608913.223504
0 1685608913.2236311
0 1685608913.225638
1 1685608913.2689786
1 1685608913.2691863
1 1685608913.3023531
2 1685608913.3078725
2 1685608913.3156126
2 1685608913.3165517
3 1685608913.3176396
3 1685608913.317776
3 1685608913.3208363


t:  65


0 1685608913.3666089
0 1685608913.386563
0 1685608913.3960757
1 1685608913.3999898
1 1685608913.4001372
1 1685608913.4012506
2 1685608913.402221
2 1685608913.4024444
2 1685608913.4033208
3 1685608913.446691
3 1685608913.4468367
3 1685608913.447657


t:  66


0 1685608913.5081277
0 1685608913.508279
0 1685608913.509931
1 1685608913.5108345
1 1685608913.5110123
1 1685608913.5481582
2 1685608913.565872
2 1685608913.5660334
2 1685608913.5683644
3 1685608913.5691414
3 1685608913.569267
3 1685608913.570047


t:  67


0 1685608913.7418218
0 1685608913.7420146
0 1685608913.7435157
1 1685608913.7444158
1 1685608913.7445302
1 1685608913.7786403
2 1685608913.7797046
2 1685608913.7798345
2 1685608913.7804341
3 1685608913.78116
3 1685608913.7812865
3 1685608913.8973699


t:  68


0 1685608913.983953
0 1685608913.9841022
0 1685608913.9862838
1 1685608913.9890656
1 1685608913.9910557
1 1685608913.9927633
2 1685608914.0111923
2 1685608914.0582457
2 1685608914.0655007
3 1685608914.0659275
3 1685608914.0660167
3 1685608914.0665078


t:  69


0 1685608914.0937262
0 1685608914.0937889
0 1685608914.0945082
1 1685608914.0951703
1 1685608914.0953014
1 1685608914.102586
2 1685608914.1035895
2 1685608914.103677
2 1685608914.104386
3 1685608914.1056302
3 1685608914.105798
3 1685608914.1072743


t:  70


0 1685608914.1500494
0 1685608914.1501477
0 1685608914.1540937
1 1685608914.1808743
1 1685608914.2189143
1 1685608914.449972
2 1685608914.45076
2 1685608914.45088
2 1685608914.45416
3 1685608914.455169
3 1685608914.4553196
3 1685608914.5169885


t:  71


0 1685608914.6610901
0 1685608914.6612496
0 1685608914.663614
1 1685608914.6646876
1 1685608914.6648302
1 1685608914.703536
2 1685608914.7117186
2 1685608914.7119067
2 1685608914.7128556
3 1685608914.7144585
3 1685608914.7145858
3 1685608914.7427077


t:  72


0 1685608914.7916272
0 1685608914.7917898
0 1685608914.7934828
1 1685608914.8025339
1 1685608914.8026762
1 1685608914.860722
2 1685608914.8618412
2 1685608914.8619587
2 1685608914.863263
3 1685608914.8834069
3 1685608914.8836226
3 1685608914.886991


t:  73


0 1685608914.982369
0 1685608914.9825165
0 1685608914.9844291
1 1685608914.9862225
1 1685608914.9863894
1 1685608915.0018966
2 1685608915.0663912
2 1685608915.0665734
2 1685608915.067728
3 1685608915.0691411
3 1685608915.0693216
3 1685608915.1185772


t:  74


0 1685608915.2955472
0 1685608915.29569
0 1685608915.3064008
1 1685608915.4008982
1 1685608915.4011037
1 1685608915.4050384
2 1685608915.4060771
2 1685608915.4124885
2 1685608915.4736197
3 1685608915.5399513
3 1685608915.5521498
3 1685608915.5545065


t:  75


0 1685608915.7004158
0 1685608915.7005773
0 1685608915.7017622
1 1685608915.7025292
1 1685608915.7026732
1 1685608915.7035732
2 1685608915.7152212
2 1685608915.7154167
2 1685608915.716565
3 1685608915.717414
3 1685608915.7278473
3 1685608915.7290986


t:  76


0 1685608915.8101099
0 1685608915.8156774
0 1685608915.817745
1 1685608915.883006
1 1685608915.9084442
1 1685608915.9095237
2 1685608915.9111824
2 1685608915.9113941
2 1685608915.9125185
3 1685608915.950489
3 1685608915.9506512
3 1685608915.953157


t:  77


0 1685608916.3830605
0 1685608916.383219
0 1685608916.384184
1 1685608916.3852265
1 1685608916.3862448
1 1685608916.3872406
2 1685608916.3974621
2 1685608916.422287
2 1685608916.449008
3 1685608916.44971
3 1685608916.4498265
3 1685608916.450673


t:  78


0 1685608916.5447795
0 1685608916.5674794
0 1685608916.569378
1 1685608916.5961218
1 1685608916.6117792
1 1685608916.613031
2 1685608916.6184466
2 1685608916.6186574
2 1685608916.620084
3 1685608916.621815
3 1685608916.6219482
3 1685608916.6228333


t:  79


0 1685608916.7337387
0 1685608916.7341776
0 1685608916.735342
1 1685608916.7698424
1 1685608916.7700174
1 1685608916.7712398
2 1685608916.7721472
2 1685608916.7722664
2 1685608916.7733207
3 1685608916.7893922
3 1685608916.7920434
3 1685608916.7938097


t:  80


0 1685608916.9014244
0 1685608916.9136655
0 1685608916.915071
1 1685608916.916171
1 1685608916.9163804
1 1685608916.9176857
2 1685608916.9184515
2 1685608916.918675
2 1685608916.9257648
3 1685608916.9273202
3 1685608916.9275181
3 1685608916.9285173


t:  81


0 1685608917.1222286
0 1685608917.1824965
0 1685608917.1906006
1 1685608917.1916924
1 1685608917.1920302
1 1685608917.2574663
2 1685608917.258718
2 1685608917.286578
2 1685608917.313191
3 1685608917.3298748
3 1685608917.3698614
3 1685608917.3713083


t:  82


0 1685608917.3925502
0 1685608917.3939114
0 1685608917.3949506
1 1685608917.441503
1 1685608917.4871514
1 1685608917.4929662
2 1685608917.5617187
2 1685608917.561902
2 1685608917.563363
3 1685608917.670755
3 1685608917.6771202
3 1685608917.6922321


t:  83


0 1685608917.851288
0 1685608917.8514345
0 1685608917.8523798
1 1685608917.8567593
1 1685608917.856865
1 1685608917.857726
2 1685608917.8959358
2 1685608917.896095
2 1685608917.8985183
3 1685608917.8990028
3 1685608917.899108
3 1685608917.8997228


t:  84


0 1685608917.9454875
0 1685608917.9456036
0 1685608917.9644027
1 1685608917.9651954
1 1685608917.9653082
1 1685608917.966069
2 1685608917.96675
2 1685608917.9668815
2 1685608917.9684513
3 1685608918.0023851
3 1685608918.0025663
3 1685608918.003474


t:  85


0 1685608918.1306505
0 1685608918.1322644
0 1685608918.1333838
1 1685608918.1341672
1 1685608918.1343014
1 1685608918.1352203
2 1685608918.191186
2 1685608918.1913476
2 1685608918.1933985
3 1685608918.194077
3 1685608918.1941867
3 1685608918.1950161


t:  86


0 1685608918.2326822
0 1685608918.2328165
0 1685608918.2338145
1 1685608918.294344
1 1685608918.3199887
1 1685608918.334604
2 1685608918.337439
2 1685608918.3377042
2 1685608918.3674126
3 1685608918.4254448
3 1685608918.4255843
3 1685608918.4265704


t:  87


0 1685608918.511738
0 1685608918.5120528
0 1685608918.5148745
1 1685608918.5750291
1 1685608918.5771303
1 1685608918.5792596
2 1685608918.5805693
2 1685608918.6203728
2 1685608918.6230328
3 1685608918.6600122
3 1685608918.667266
3 1685608918.6819646


t:  88


0 1685608918.7185903
0 1685608918.7187576
0 1685608918.7305372
1 1685608918.7313812
1 1685608918.76584
1 1685608918.7682893
2 1685608918.7705956
2 1685608918.8137739
2 1685608918.8148358
3 1685608918.8251703
3 1685608918.8253717
3 1685608918.8276832


t:  89


0 1685608918.9418173
0 1685608918.972954
0 1685608918.9741929
1 1685608919.0322537
1 1685608919.0330317
1 1685608919.0774548
2 1685608919.078339
2 1685608919.0784807
2 1685608919.080117
3 1685608919.080921
3 1685608919.0810776
3 1685608919.1325598


t:  90


0 1685608919.1676288
0 1685608919.1677573
0 1685608919.219939
1 1685608919.2265837
1 1685608919.2337677
1 1685608919.2733564
2 1685608919.2793467
2 1685608919.2795033
2 1685608919.280467
3 1685608919.2835088
3 1685608919.283641
3 1685608919.2889633


t:  91


0 1685608919.3003058
0 1685608919.3004222
0 1685608919.302845
1 1685608919.3041418
1 1685608919.3421438
1 1685608919.3767061
2 1685608919.3781652
2 1685608919.378402
2 1685608919.3799922
3 1685608919.3805966
3 1685608919.3807027
3 1685608919.3829727


t:  92


0 1685608919.475193
0 1685608919.47531
0 1685608919.476678
1 1685608919.478008
1 1685608919.478147
1 1685608919.4847212
2 1685608919.5929651
2 1685608919.5945666
2 1685608919.5956357
3 1685608919.8457146
3 1685608919.8459575
3 1685608919.8467317


t:  93


0 1685608919.994286
0 1685608919.99443
0 1685608919.9952676
1 1685608919.996081
1 1685608919.9961882
1 1685608919.9983199
2 1685608920.0299556
2 1685608920.0300972
2 1685608920.0308287
3 1685608920.0312912
3 1685608920.0313914
3 1685608920.032444


t:  94


0 1685608920.1805239
0 1685608920.180687
0 1685608920.2581089
1 1685608920.25893
1 1685608920.2590992
1 1685608920.260046
2 1685608920.2607954
2 1685608920.2609105
2 1685608920.274727
3 1685608920.3704507
3 1685608920.370643
3 1685608920.3717294


t:  95


0 1685608920.4025831
0 1685608920.4027362
0 1685608920.4039974
1 1685608920.4072776
1 1685608920.407416
1 1685608920.4083784
2 1685608920.424617
2 1685608920.4247818
2 1685608920.4274511
3 1685608920.4285953
3 1685608920.4287162
3 1685608920.4296775


t:  96


0 1685608920.4951713
0 1685608920.4952884
0 1685608920.4964013
1 1685608920.4970431
1 1685608920.4971552
1 1685608920.4990313
2 1685608920.5154552
2 1685608920.5156112
2 1685608920.5456314
3 1685608920.5501952
3 1685608920.5503962
3 1685608920.5517857


t:  97


0 1685608920.6954322
0 1685608920.6955585
0 1685608920.696812
1 1685608920.6983414
1 1685608920.6985693
1 1685608920.6993515
2 1685608920.7968228
2 1685608920.7969606
2 1685608920.7978222
3 1685608920.7993903
3 1685608920.7995212
3 1685608920.8150654


t:  98


0 1685608920.9009478
0 1685608920.9010956
0 1685608920.9030817
1 1685608921.0674639
1 1685608921.0676892
1 1685608921.1077678
2 1685608921.1555579
2 1685608921.1557844
2 1685608921.1568182
3 1685608921.1577828
3 1685608921.1578975
3 1685608921.1588855


t:  99


0 1685608921.2071252
0 1685608921.207311
0 1685608921.2088249
1 1685608921.2289248
1 1685608921.2291133
1 1685608921.2310371
2 1685608921.232138
2 1685608921.2322705
2 1685608921.2353072
3 1685608921.3314486
3 1685608921.3316433
3 1685608921.3553305
done
(base) ]0;steven@steven-VirtualBox: ~/catkin_ws/src/controller_py/src[01;32msteven@steven-VirtualBox[00m:[01;34m~/catkin_ws/src/controller_py/src[00m$ exit
exit

Script done on 2023-06-01 10:42:06+02:00 [COMMAND_EXIT_CODE="0"]
