t:  0


0 1685609445.883714
0 1685609445.883875
0 1685609446.0787783
1 1685609446.080095
1 1685609446.0802925
1 1685609446.0812387
2 1685609446.0814815
2 1685609446.0888166
2 1685609446.0898647
3 1685609446.0903234
3 1685609446.0910451
3 1685609446.095006
4 1685609446.0961485
4 1685609446.1637108
4 1685609446.16473
5 1685609446.1661718
5 1685609446.1662898
5 1685609446.167066
6 1685609446.215855
6 1685609446.216019
6 1685609446.2169867
7 1685609446.217817
7 1685609446.2179294
7 1685609446.2186923


t:  1


0 1685609446.4758556
0 1685609446.4761941
0 1685609446.477356
1 1685609446.4780548
1 1685609446.4781892
1 1685609446.4788516
2 1685609446.479027
2 1685609446.5329676
2 1685609446.6452243
3 1685609446.7749972
3 1685609446.7752235
3 1685609446.776577
4 1685609446.7770429
4 1685609446.7771657
4 1685609446.778282
5 1685609446.7789469
5 1685609446.779058
5 1685609446.7799432
6 1685609446.8120284
6 1685609446.8121798
6 1685609446.8243096
7 1685609446.8514516
7 1685609446.8516757
7 1685609446.8535402


t:  2


0 1685609447.43664
0 1685609447.4368432
0 1685609447.4399612
1 1685609447.5256765
1 1685609447.5258577
1 1685609447.57288
2 1685609447.5737596
2 1685609447.5740554
2 1685609447.5753477
3 1685609447.676471
3 1685609447.6766121
3 1685609447.6775646
4 1685609447.6782384
4 1685609447.6783483
4 1685609447.6791449
5 1685609447.735289
5 1685609447.9161499
5 1685609447.9173605
6 1685609447.9184158
6 1685609447.9185512
6 1685609447.9303355
7 1685609447.990318
7 1685609447.9905977
7 1685609447.9936829


t:  3


0 1685609448.1819189
0 1685609448.1821063
0 1685609448.183391
1 1685609448.2013195
1 1685609448.3166344
1 1685609448.3231378
2 1685609448.3242898
2 1685609448.3246605
2 1685609448.3255851
3 1685609448.3809724
3 1685609448.3811436
3 1685609448.4020913
4 1685609448.4631565
4 1685609448.4828613
4 1685609448.500675
5 1685609448.509591
5 1685609448.5098088
5 1685609448.5108554
6 1685609448.511789
6 1685609448.5120573
6 1685609448.5572531
7 1685609448.558516
7 1685609448.5586822
7 1685609448.559761


t:  4


0 1685609448.9227242
0 1685609448.9228942
0 1685609448.925168
1 1685609448.9643555
1 1685609448.973651
1 1685609448.996943
2 1685609449.000455
2 1685609449.0006447
2 1685609449.0018334
3 1685609449.0025146
3 1685609449.002675
3 1685609449.156545
4 1685609449.1590073
4 1685609449.1730537
4 1685609449.1743429
5 1685609449.2087352
5 1685609449.2088742
5 1685609449.2099252
6 1685609449.2109196
6 1685609449.255914
6 1685609449.4082463
7 1685609449.4883707
7 1685609449.4885979
7 1685609449.537148


t:  5


0 1685609449.8988423
0 1685609449.8989735
0 1685609449.9001932
1 1685609449.90091
1 1685609449.9010222
1 1685609450.2526207
2 1685609450.2536817
2 1685609450.2714128
2 1685609450.2722855
3 1685609450.273199
3 1685609450.2733138
3 1685609450.2741168
4 1685609450.280916
4 1685609450.2810907
4 1685609450.2819548
5 1685609450.338609
5 1685609450.3387747
5 1685609450.3398664
6 1685609450.3412569
6 1685609450.4712374
6 1685609450.4740326
7 1685609450.7923539
7 1685609450.7924948
7 1685609450.7935927


t:  6


0 1685609451.0823836
0 1685609451.0825024
0 1685609451.0833492
1 1685609451.084071
1 1685609451.0842042
1 1685609451.1181273
2 1685609451.1187913
2 1685609451.1188967
2 1685609451.169734
3 1685609451.2304685
3 1685609451.2306824
3 1685609451.231837
4 1685609451.2326906
4 1685609451.232803
4 1685609451.2351992
5 1685609451.2734537
5 1685609451.2736912
5 1685609451.2748723
6 1685609451.3145626
6 1685609451.3147337
6 1685609451.3157911
7 1685609451.3166249
7 1685609451.3167615
7 1685609451.317653


t:  7


0 1685609451.4480205
0 1685609451.4481778
0 1685609451.4491098
1 1685609451.4513762
1 1685609451.4514904
1 1685609451.4527378
2 1685609451.454402
2 1685609451.4545655
2 1685609451.4558413
3 1685609451.4579375
3 1685609451.4580872
3 1685609451.4591293
4 1685609451.4943044
4 1685609451.4944453
4 1685609451.5402074
5 1685609451.5425255
5 1685609451.5427732
5 1685609451.5436041
6 1685609451.809401
6 1685609452.0940135
6 1685609452.094967
7 1685609452.095555
7 1685609452.0956635
7 1685609452.0964353


t:  8


0 1685609452.241669
0 1685609452.2418227
0 1685609452.243121
1 1685609452.2448785
1 1685609452.2450395
1 1685609452.2459893
2 1685609452.3500445
2 1685609452.350179
2 1685609452.375516
3 1685609452.6392355
3 1685609452.7337406
3 1685609452.7588487
4 1685609452.7602303
4 1685609452.760371
4 1685609452.8090491
5 1685609452.810141
5 1685609452.8103049
5 1685609452.8111777
6 1685609452.8121128
6 1685609452.8122404
6 1685609452.8132298
7 1685609452.9303627
7 1685609452.9306178
7 1685609452.9336417


t:  9


0 1685609453.2887223
0 1685609453.2890642
0 1685609453.3723688
1 1685609453.4164958
1 1685609453.7597415
1 1685609453.8021276
2 1685609453.9742591
2 1685609453.9902909
2 1685609454.2304344
3 1685609454.251488
3 1685609454.2516308
3 1685609454.2526462
4 1685609454.2532349
4 1685609454.2533417
4 1685609454.2542994
5 1685609454.2947621
5 1685609454.2949653
5 1685609454.2958233
6 1685609454.3085713
6 1685609454.308796
6 1685609454.3106833
7 1685609454.3149385
7 1685609454.3151562
7 1685609454.3164835


t:  10


0 1685609454.4363132
0 1685609454.5832767
0 1685609454.5844486
1 1685609454.5868661
1 1685609454.5870705
1 1685609454.8506386
2 1685609454.8516102
2 1685609454.9308817
2 1685609454.9376948
3 1685609454.9389696
3 1685609454.9546967
3 1685609455.04225
4 1685609455.1162534
4 1685609455.1164186
4 1685609455.123805
5 1685609455.1305892
5 1685609455.1308217
5 1685609455.3429039
6 1685609455.3488383
6 1685609455.3739948
6 1685609455.3750577
7 1685609455.3757617
7 1685609455.375964
7 1685609455.4242141


t:  11


0 1685609455.791224
0 1685609455.8408873
0 1685609455.841913
1 1685609455.8450267
1 1685609455.8574407
1 1685609455.8584495
2 1685609455.8652368
2 1685609455.865589
2 1685609455.9006186
3 1685609456.0203907
3 1685609456.0207345
3 1685609456.2101252
4 1685609456.232411
4 1685609456.2325885
4 1685609456.2335892
5 1685609456.3033307
5 1685609456.3035064
5 1685609456.3045545
6 1685609456.305256
6 1685609456.3054
6 1685609456.306174
7 1685609456.3186324
7 1685609456.318781
7 1685609456.3939633


t:  12


0 1685609456.427498
0 1685609456.4338837
0 1685609456.441429
1 1685609456.4423118
1 1685609456.4586086
1 1685609456.503646
2 1685609456.5323863
2 1685609456.532599
2 1685609456.5337222
3 1685609456.534889
3 1685609456.645569
3 1685609456.65958
4 1685609456.7618978
4 1685609456.7936547
4 1685609456.8506541
5 1685609456.851558
5 1685609456.8516982
5 1685609456.9026842
6 1685609456.907112
6 1685609456.9072695
6 1685609456.9426284
7 1685609456.9436042
7 1685609456.9633074
7 1685609457.0585375


t:  13


0 1685609457.1861844
0 1685609457.1863103
0 1685609457.1875343
1 1685609457.189146
1 1685609457.1895027
1 1685609457.21766
2 1685609457.2607481
2 1685609457.2609572
2 1685609457.2622995
3 1685609457.3707037
3 1685609457.3708959
3 1685609457.3720653
4 1685609457.3743675
4 1685609457.3745637
4 1685609457.3820229
5 1685609457.3933454
5 1685609457.393544
5 1685609457.3945081
6 1685609457.4177158
6 1685609457.4408815
6 1685609457.467677
7 1685609457.6244166
7 1685609457.6245658
7 1685609457.6254878


t:  14


0 1685609457.7386422
0 1685609457.738775
0 1685609457.744776
1 1685609457.745546
1 1685609457.745729
1 1685609457.8125753
2 1685609457.8136504
2 1685609457.8138983
2 1685609457.8151278
3 1685609457.9317846
3 1685609457.962956
3 1685609458.0256224
4 1685609458.0697186
4 1685609458.0758007
4 1685609458.2062066
5 1685609458.3060286
5 1685609458.3062239
5 1685609458.3071678
6 1685609458.308149
6 1685609458.3082871
6 1685609458.4355433
7 1685609458.436905
7 1685609458.437206
7 1685609458.471371


t:  15


0 1685609458.8257918
0 1685609458.825916
0 1685609458.8269284
1 1685609458.8280885
1 1685609458.8282623
1 1685609458.9461567
2 1685609458.968008
2 1685609458.9682047
2 1685609458.9691737
3 1685609458.9698431
3 1685609458.9700034
3 1685609458.9711554
4 1685609459.0245268
4 1685609459.0247102
4 1685609459.0257528
5 1685609459.0264971
5 1685609459.0266733
5 1685609459.0283093
6 1685609459.0937471
6 1685609459.2229576
6 1685609459.5775661
7 1685609459.7145712
7 1685609459.781347
7 1685609460.1131864


t:  16


0 1685609460.6178865
0 1685609460.6180484
0 1685609460.7646983
1 1685609460.7759268
1 1685609460.7761805
1 1685609460.7787704
2 1685609460.780776
2 1685609460.7809072
2 1685609460.7817101
3 1685609460.8649025
3 1685609460.8651345
3 1685609460.8664858
4 1685609460.9978302
4 1685609460.9980307
4 1685609461.0911329
5 1685609461.1166043
5 1685609461.2245042
5 1685609461.2660398
6 1685609461.4003556
6 1685609461.4005249
6 1685609461.4744308
7 1685609461.475974
7 1685609461.4762392
7 1685609461.4779124


t:  17


0 1685609462.1134038
0 1685609462.1135237
0 1685609462.145265
1 1685609462.1459472
1 1685609462.1461327
1 1685609462.2311938
2 1685609462.232323
2 1685609462.2324746
2 1685609462.2336786
3 1685609462.258597
3 1685609462.2587879
3 1685609462.2988083
4 1685609462.4463503
4 1685609462.5660455
4 1685609462.5675325
5 1685609462.6299992
5 1685609462.630153
5 1685609462.631332
6 1685609462.6319652
6 1685609462.6320899
6 1685609462.6329598
7 1685609462.6335459
7 1685609462.633667
7 1685609462.6344478


t:  18


0 1685609462.6617143
0 1685609462.6619558
0 1685609462.6828213
1 1685609462.7522695
1 1685609462.7524939
1 1685609462.7540855
2 1685609462.7553363
2 1685609462.7558193
2 1685609462.7587545
3 1685609462.784623
3 1685609462.7848246
3 1685609462.787288
4 1685609462.7882967
4 1685609462.7885392
4 1685609462.8190928
5 1685609462.8860066
5 1685609462.8862393
5 1685609462.9240906
6 1685609462.9253747
6 1685609462.925584
6 1685609462.9385455
7 1685609462.939342
7 1685609462.9394727
7 1685609462.9403908


t:  19


0 1685609462.9808946
0 1685609462.9810565
0 1685609463.0506072
1 1685609463.079504
1 1685609463.0806925
1 1685609463.127673
2 1685609463.2296453
2 1685609463.2512481
2 1685609463.699791
3 1685609463.7009985
3 1685609463.982181
3 1685609464.0045474
4 1685609464.0219471
4 1685609464.216491
4 1685609464.2438047
5 1685609464.2796593
5 1685609464.3012383
5 1685609464.4582987
6 1685609464.6980658
6 1685609464.7289925
6 1685609464.7300131
7 1685609464.7329853
7 1685609464.733253
7 1685609464.77473


t:  20


0 1685609465.1831048
0 1685609465.1833224
0 1685609465.1847637
1 1685609465.312521
1 1685609465.3127248
1 1685609465.313928
2 1685609465.3148565
2 1685609465.3150027
2 1685609465.709504
3 1685609465.71183
3 1685609465.712175
3 1685609465.8097548
4 1685609465.8285935
4 1685609465.8287685
4 1685609465.8400261
5 1685609465.869359
5 1685609465.869578
5 1685609465.8708115
6 1685609465.8722498
6 1685609465.872468
6 1685609465.9453478
7 1685609465.9478328
7 1685609465.9487722
7 1685609465.9951365


t:  21


0 1685609466.500278
0 1685609466.500404
0 1685609466.501699
1 1685609466.5025136
1 1685609466.5027342
1 1685609466.6885765
2 1685609466.8036923
2 1685609466.8041775
2 1685609466.8290708
3 1685609466.8965359
3 1685609466.8967032
3 1685609466.8976197
4 1685609467.016965
4 1685609467.3494017
4 1685609467.4032896
5 1685609467.4045281
5 1685609467.4047756
5 1685609467.4395468
6 1685609467.463401
6 1685609467.4635684
6 1685609467.4924223
7 1685609467.5492144
7 1685609467.5494213
7 1685609467.5506968


t:  22


0 1685609467.7456884
0 1685609467.846688
0 1685609467.849231
1 1685609467.8497875
1 1685609467.849921
1 1685609467.8506327
2 1685609467.8512313
2 1685609467.8513467
2 1685609467.994381
3 1685609467.9953938
3 1685609467.9955466
3 1685609467.9967093
4 1685609467.9975383
4 1685609467.9981844
4 1685609468.073436
5 1685609468.1704948
5 1685609468.3441913
5 1685609468.4021008
6 1685609468.4302297
6 1685609468.430393
6 1685609468.4313488
7 1685609468.431956
7 1685609468.4320626
7 1685609468.432772


t:  23


0 1685609468.7492409
0 1685609468.7494328
0 1685609468.750334
1 1685609468.756379
1 1685609468.803971
1 1685609468.805795
2 1685609468.812217
2 1685609468.817731
2 1685609468.889037
3 1685609468.9937959
3 1685609469.0065112
3 1685609469.0077593
4 1685609469.0102422
4 1685609469.010422
4 1685609469.022679
5 1685609469.0237803
5 1685609469.0240479
5 1685609469.0260088
6 1685609469.057414
6 1685609469.058148
6 1685609469.1089313
7 1685609469.3759925
7 1685609469.376194
7 1685609469.3771238


t:  24


0 1685609469.4970183
0 1685609469.4971476
0 1685609469.4980772
1 1685609469.498675
1 1685609469.4988115
1 1685609469.4996524
2 1685609469.500302
2 1685609469.5331216
2 1685609469.540364
3 1685609469.540904
3 1685609469.54119
3 1685609469.5858257
4 1685609469.6423962
4 1685609469.776942
4 1685609469.8989484
5 1685609470.0881612
5 1685609470.0989153
5 1685609470.100015
6 1685609470.1008294
6 1685609470.100968
6 1685609470.101745
7 1685609470.1025407
7 1685609470.1026733
7 1685609470.1034636


t:  25


0 1685609470.471862
0 1685609470.4720755
0 1685609470.6146662
1 1685609470.6152346
1 1685609470.6153388
1 1685609470.61616
2 1685609470.6168094
2 1685609470.6169147
2 1685609470.6176944
3 1685609470.7079952
3 1685609470.708201
3 1685609470.71029
4 1685609470.7813141
4 1685609471.0699692
4 1685609471.2682877
5 1685609471.3411038
5 1685609471.3626091
5 1685609471.363551
6 1685609471.398517
6 1685609471.4038513
6 1685609471.4324753
7 1685609471.5240219
7 1685609471.5242786
7 1685609471.5256078


t:  26


0 1685609472.1745293
0 1685609472.1747007
0 1685609472.175715
1 1685609472.1798687
1 1685609472.1801229
1 1685609472.2271283
2 1685609472.228031
2 1685609472.2282362
2 1685609472.2291267
3 1685609472.2297974
3 1685609472.3419464
3 1685609472.7306476
4 1685609473.0218472
4 1685609473.0274382
4 1685609473.2653794
5 1685609473.266044
5 1685609473.282085
5 1685609473.2830288
6 1685609473.390973
6 1685609473.3911235
6 1685609473.3919632
7 1685609473.7915983
7 1685609473.7917538
7 1685609473.7927337


t:  27


0 1685609473.9541297
0 1685609473.9543262
0 1685609473.9576147
1 1685609473.9959266
1 1685609473.9960907
1 1685609474.1839137
2 1685609474.1847122
2 1685609474.1848643
2 1685609474.185761
3 1685609474.1864731
3 1685609474.1866183
3 1685609474.3244212
4 1685609474.325236
4 1685609474.3254113
4 1685609474.3263545
5 1685609474.3273818
5 1685609474.3275635
5 1685609474.3863196
6 1685609474.387302
6 1685609474.3874671
6 1685609474.4329257
7 1685609474.570989
7 1685609474.5963924
7 1685609474.602561


t:  28


0 1685609474.9784656
0 1685609474.9786327
0 1685609474.9806738
1 1685609475.2332938
1 1685609475.2334714
1 1685609475.2346113
2 1685609475.2353606
2 1685609475.2354915
2 1685609475.2365746
3 1685609475.4942544
3 1685609475.4946907
3 1685609475.496305
4 1685609475.4968934
4 1685609475.4970455
4 1685609475.498737
5 1685609475.5537329
5 1685609475.5539021
5 1685609475.5548787
6 1685609475.557944
6 1685609475.5711741
6 1685609475.5720916
7 1685609475.5740716
7 1685609475.5742466
7 1685609475.7028315


t:  29


0 1685609476.9319553
0 1685609476.932113
0 1685609476.9332097
1 1685609476.9341805
1 1685609476.9344234
1 1685609476.9355638
2 1685609477.1555994
2 1685609477.1819916
2 1685609477.2656298
3 1685609477.2672002
3 1685609477.2673557
3 1685609477.3521867
4 1685609477.3531349
4 1685609477.3533535
4 1685609477.3554265
5 1685609477.3564918
5 1685609477.3566737
5 1685609477.3614872
6 1685609477.4572055
6 1685609477.4573958
6 1685609477.4582095
7 1685609477.4588854
7 1685609477.4590156
7 1685609477.460453


t:  30


0 1685609477.493706
0 1685609477.4938333
0 1685609477.4951706
1 1685609477.6645253
1 1685609477.6646636
1 1685609477.6654818
2 1685609477.6688368
2 1685609477.67732
2 1685609477.6783023
3 1685609477.7964816
3 1685609477.7966082
3 1685609477.79842
4 1685609478.2192156
4 1685609478.2193048
4 1685609478.2210696
5 1685609478.550945
5 1685609478.6026824
5 1685609478.693533
6 1685609478.7596526
6 1685609478.7663827
6 1685609478.7850482
7 1685609478.8649445
7 1685609478.870725
7 1685609478.9642234


t:  31


0 1685609479.5657032
0 1685609479.5658207
0 1685609479.566585
1 1685609479.5916736
1 1685609479.592042
1 1685609479.593181
2 1685609479.5941982
2 1685609479.5943234
2 1685609479.7575412
3 1685609479.7954156
3 1685609479.7955127
3 1685609479.796629
4 1685609479.8672771
4 1685609479.8674166
4 1685609479.8799644
5 1685609479.8807793
5 1685609479.8809738
5 1685609479.882054
6 1685609479.9063754
6 1685609479.9065826
6 1685609479.908238
7 1685609480.132499
7 1685609480.132707
7 1685609480.1336806


t:  32


0 1685609480.828953
0 1685609480.9004314
0 1685609481.0596247
1 1685609481.060429
1 1685609481.060587
1 1685609481.0614939
2 1685609481.2460601
2 1685609481.2462232
2 1685609481.2472222
3 1685609481.2481258
3 1685609481.2482438
3 1685609481.249381
4 1685609481.5694027
4 1685609481.5695906
4 1685609481.5705786
5 1685609481.5723207
5 1685609481.5724688
5 1685609481.5735917
6 1685609481.673787
6 1685609481.6739318
6 1685609481.674794
7 1685609481.7255943
7 1685609481.7257264
7 1685609481.7266028


t:  33


0 1685609482.0256848
0 1685609482.0258222
0 1685609482.0267982
1 1685609482.159315
1 1685609482.1594696
1 1685609482.160323
2 1685609482.1612117
2 1685609482.1613493
2 1685609482.294746
3 1685609482.2955163
3 1685609482.295651
3 1685609482.4505508
4 1685609482.4511743
4 1685609482.4512832
4 1685609482.4519806
5 1685609482.4526572
5 1685609482.452762
5 1685609482.4534338
6 1685609482.5366557
6 1685609482.5369241
6 1685609482.53814
7 1685609482.5396042
7 1685609482.5398314
7 1685609482.6102338


t:  34


0 1685609482.8458927
0 1685609482.8769512
0 1685609482.877826
1 1685609482.8785713
1 1685609482.878728
1 1685609482.9847803
2 1685609482.9854596
2 1685609482.985597
2 1685609482.986433
3 1685609482.9869773
3 1685609482.987082
3 1685609482.987779
4 1685609483.0330935
4 1685609483.033267
4 1685609483.2862647
5 1685609483.3112578
5 1685609483.3114524
5 1685609483.3125832
6 1685609483.313484
6 1685609483.3136146
6 1685609483.328464
7 1685609483.4090898
7 1685609483.4092858
7 1685609483.4120498


t:  35


0 1685609483.5897737
0 1685609483.5900848
0 1685609483.6135166
1 1685609483.6532562
1 1685609483.6534927
1 1685609483.6545472
2 1685609483.6553006
2 1685609483.6554694
2 1685609483.656533
3 1685609483.657148
3 1685609483.7173443
3 1685609483.7183022
4 1685609483.7190354
4 1685609483.7191508
4 1685609483.720289
5 1685609483.7439678
5 1685609483.7441738
5 1685609483.745769
6 1685609483.7464786
6 1685609483.7805264
6 1685609483.829493
7 1685609483.8304045
7 1685609483.8307307
7 1685609483.8315802


t:  36


0 1685609483.9037497
0 1685609483.9039228
0 1685609483.9049819
1 1685609483.9057696
1 1685609483.911667
1 1685609483.9135325
2 1685609483.9144974
2 1685609483.998175
2 1685609483.9990869
3 1685609484.0061235
3 1685609484.0063288
3 1685609484.0082982
4 1685609484.0263402
4 1685609484.0264738
4 1685609484.0273778
5 1685609484.0282872
5 1685609484.0284593
5 1685609484.0293648
6 1685609484.1033263
6 1685609484.1034834
6 1685609484.1072648
7 1685609484.1092932
7 1685609484.1687024
7 1685609484.21199


t:  37


0 1685609484.5418265
0 1685609484.5519385
0 1685609484.5528457
1 1685609484.5534422
1 1685609484.8122885
1 1685609484.8318703
2 1685609484.9117
2 1685609484.9118528
2 1685609484.9127388
3 1685609484.9137557
3 1685609484.9139187
3 1685609484.9147239
4 1685609484.9687138
4 1685609485.0148287
4 1685609485.0157623
5 1685609485.0920484
5 1685609485.1471596
5 1685609485.1497967
6 1685609485.1526573
6 1685609485.1529572
6 1685609485.154127
7 1685609485.315525
7 1685609485.3156505
7 1685609485.316926


t:  38


0 1685609485.4589436
0 1685609485.5075667
0 1685609485.5093746
1 1685609485.6910088
1 1685609485.6966121
1 1685609485.765932
2 1685609485.8798258
2 1685609485.8800511
2 1685609485.9201152
3 1685609485.927332
3 1685609485.927459
3 1685609486.0101535
4 1685609486.1613686
4 1685609486.161531
4 1685609486.184838
5 1685609486.185682
5 1685609486.1982908
5 1685609486.3937936
6 1685609486.3996425
6 1685609486.423434
6 1685609486.4655766
7 1685609486.4744825
7 1685609486.4746218
7 1685609486.5339553


t:  39


0 1685609486.8307385
0 1685609486.8308516
0 1685609486.8316438
1 1685609486.8322816
1 1685609486.8324192
1 1685609486.8531203
2 1685609486.8537524
2 1685609486.853882
2 1685609486.854641
3 1685609486.855192
3 1685609486.8581
3 1685609486.8588169
4 1685609486.9282193
4 1685609486.9283433
4 1685609486.929139
5 1685609486.9299436
5 1685609486.9300506
5 1685609486.930808
6 1685609486.9595764
6 1685609486.9597578
6 1685609486.9610887
7 1685609486.9670155
7 1685609486.9671376
7 1685609486.9683957


t:  40


0 1685609487.3799508
0 1685609487.4289637
0 1685609487.4301217
1 1685609487.4310713
1 1685609487.431207
1 1685609487.4322042
2 1685609487.4327338
2 1685609487.5356338
2 1685609487.5370948
3 1685609487.5378911
3 1685609487.5380669
3 1685609487.5398707
4 1685609487.5406904
4 1685609487.5408711
4 1685609487.7091384
5 1685609487.7118452
5 1685609487.7120647
5 1685609487.7127373
6 1685609487.713749
6 1685609487.7523632
6 1685609487.7532861
7 1685609487.7667136
7 1685609487.7796316
7 1685609487.878983


t:  41


0 1685609488.0849168
0 1685609488.0976856
0 1685609488.1381168
1 1685609488.1933384
1 1685609488.222407
1 1685609488.2244105
2 1685609488.2253082
2 1685609488.2254663
2 1685609488.227262
3 1685609488.2708125
3 1685609488.315228
3 1685609488.468829
4 1685609488.469969
4 1685609488.4702246
4 1685609488.471338
5 1685609488.5444803
5 1685609488.5447273
5 1685609488.5456827
6 1685609488.6133907
6 1685609488.6137757
6 1685609488.6164374
7 1685609488.8495479
7 1685609488.8497255
7 1685609488.8506563


t:  42


0 1685609489.1538565
0 1685609489.153999
0 1685609489.1913626
1 1685609489.1933217
1 1685609489.328007
1 1685609489.5409436
2 1685609489.5474906
2 1685609489.54769
2 1685609489.5485146
3 1685609489.6095328
3 1685609489.6300526
3 1685609489.6308942
4 1685609489.6321
4 1685609489.683003
4 1685609489.6840792
5 1685609489.758416
5 1685609489.7715871
5 1685609489.7727866
6 1685609489.7741208
6 1685609489.8248472
6 1685609489.8338995
7 1685609489.9567127
7 1685609489.956862
7 1685609489.9578164


t:  43


0 1685609490.2907758
0 1685609490.2909184
0 1685609490.2921124
1 1685609490.2927988
1 1685609490.292986
1 1685609490.4308858
2 1685609490.4327285
2 1685609490.4329183
2 1685609490.4345095
3 1685609490.4660814
3 1685609490.4662042
3 1685609490.498421
4 1685609490.4992564
4 1685609490.4993825
4 1685609490.5002797
5 1685609490.5015297
5 1685609490.6109304
5 1685609490.6121447
6 1685609490.6234686
6 1685609490.623611
6 1685609490.6246455
7 1685609490.625688
7 1685609490.6258416
7 1685609490.6268528


t:  44


0 1685609491.113462
0 1685609491.1136596
0 1685609491.1148486
1 1685609491.2498496
1 1685609491.2500014
1 1685609491.250839
2 1685609491.2524874
2 1685609491.2526455
2 1685609491.2534912
3 1685609491.2540283
3 1685609491.2542045
3 1685609491.2549024
4 1685609491.2607608
4 1685609491.2610443
4 1685609491.2619867
5 1685609491.262661
5 1685609491.2628317
5 1685609491.2635596
6 1685609491.3209805
6 1685609491.3212028
6 1685609491.3223226
7 1685609491.3560014
7 1685609491.3561811
7 1685609491.3569844


t:  45


0 1685609491.4440467
0 1685609491.4442961
0 1685609491.5307095
1 1685609491.531635
1 1685609491.531796
1 1685609491.5326488
2 1685609491.539228
2 1685609491.5394814
2 1685609491.5409145
3 1685609491.542073
3 1685609491.5422323
3 1685609491.569332
4 1685609491.578693
4 1685609491.578861
4 1685609491.5798247
5 1685609491.6476297
5 1685609491.6477947
5 1685609491.6489487
6 1685609491.649669
6 1685609491.649805
6 1685609491.6506486
7 1685609491.6729152
7 1685609491.689524
7 1685609491.7059495


t:  46


0 1685609492.113655
0 1685609492.1138027
0 1685609492.116625
1 1685609492.1175098
1 1685609492.1176584
1 1685609492.2580624
2 1685609492.2589917
2 1685609492.259149
2 1685609492.2610552
3 1685609492.2722113
3 1685609492.272376
3 1685609492.4745529
4 1685609492.475518
4 1685609492.4756339
4 1685609492.479019
5 1685609492.4795625
5 1685609492.479708
5 1685609492.5456965
6 1685609492.609479
6 1685609492.720279
6 1685609492.7214878
7 1685609492.7268624
7 1685609492.7269554
7 1685609492.727853


t:  47


0 1685609492.8065054
0 1685609492.8067183
0 1685609492.8670564
1 1685609492.9987814
1 1685609493.027305
1 1685609493.1579933
2 1685609493.369267
2 1685609493.369434
2 1685609493.3711302
3 1685609493.3723378
3 1685609493.3727465
3 1685609493.3740816
4 1685609493.3747885
4 1685609493.3749208
4 1685609493.3766658
5 1685609493.3772776
5 1685609493.3775492
5 1685609493.3784397
6 1685609493.3790607
6 1685609493.3791773
6 1685609493.4428706
7 1685609493.4756603
7 1685609493.475842
7 1685609493.4837031


t:  48


0 1685609493.9937406
0 1685609493.993966
0 1685609493.9952097
1 1685609494.0132675
1 1685609494.0134242
1 1685609494.1041043
2 1685609494.10482
2 1685609494.1049564
2 1685609494.1058762
3 1685609494.1187663
3 1685609494.1189294
3 1685609494.5053997
4 1685609494.6512423
4 1685609494.6513877
4 1685609494.6524127
5 1685609494.6530664
5 1685609494.653207
5 1685609494.6541398
6 1685609494.7368622
6 1685609494.7371197
6 1685609494.8275847
7 1685609494.8395724
7 1685609494.8396988
7 1685609495.0248768


t:  49


0 1685609495.0900633
0 1685609495.1426013
0 1685609495.1434944
1 1685609495.5101795
1 1685609495.5431967
1 1685609495.6287403
2 1685609495.6295297
2 1685609495.6298175
2 1685609495.630531
3 1685609495.6312017
3 1685609495.6313667
3 1685609495.632452
4 1685609495.7924964
4 1685609495.792652
4 1685609495.7935123
5 1685609495.7941914
5 1685609495.9283187
5 1685609495.9296439
6 1685609496.0160666
6 1685609496.016761
6 1685609496.0184252
7 1685609496.0193524
7 1685609496.0477042
7 1685609496.1645887


t:  50


0 1685609496.5589075
0 1685609496.5801795
0 1685609496.637418
1 1685609496.6708755
1 1685609496.6710298
1 1685609496.6719224
2 1685609496.6725981
2 1685609496.672745
2 1685609496.6735084
3 1685609496.6740754
3 1685609496.6741807
3 1685609496.727002
4 1685609496.7277207
4 1685609496.7393332
4 1685609496.740266
5 1685609496.849594
5 1685609496.8990498
5 1685609496.9164789
6 1685609496.981941
6 1685609497.0124197
6 1685609497.0136337
7 1685609497.0144715
7 1685609497.114632
7 1685609497.115778


t:  51


0 1685609497.3229048
0 1685609497.3232393
0 1685609497.3255467
1 1685609497.485447
1 1685609497.490696
1 1685609497.5637066
2 1685609497.8024175
2 1685609497.802559
2 1685609497.8034132
3 1685609497.9559343
3 1685609497.9561088
3 1685609497.9569566
4 1685609497.96424
4 1685609497.9644291
4 1685609497.9654593
5 1685609498.0749621
5 1685609498.0751154
5 1685609498.076951
6 1685609498.096276
6 1685609498.1131167
6 1685609498.1140275
7 1685609498.1484299
7 1685609498.1485987
7 1685609498.1983783


t:  52


0 1685609498.844801
0 1685609498.8449907
0 1685609498.846035
1 1685609498.8471131
1 1685609498.8532908
1 1685609498.854534
2 1685609498.8793814
2 1685609498.9426527
2 1685609499.017387
3 1685609499.1041083
3 1685609499.1095302
3 1685609499.1104634
4 1685609499.1354706
4 1685609499.1356149
4 1685609499.1365852
5 1685609499.1373403
5 1685609499.1374986
5 1685609499.1406393
6 1685609499.1927512
6 1685609499.1929913
6 1685609499.1953433
7 1685609499.196617
7 1685609499.2045717
7 1685609499.2629411


t:  53


0 1685609499.6503124
0 1685609499.7581232
0 1685609499.7591395
1 1685609499.7600381
1 1685609499.7601526
1 1685609499.7619467
2 1685609499.774178
2 1685609499.7744007
2 1685609499.834062
3 1685609499.8378508
3 1685609499.8381004
3 1685609499.8415117
4 1685609499.8422859
4 1685609499.8497894
4 1685609499.8506904
5 1685609499.851558
5 1685609499.8517134
5 1685609499.8525908
6 1685609499.9708183
6 1685609499.97094
6 1685609499.9718244
7 1685609500.05759
7 1685609500.1916478
7 1685609500.198616


t:  54


0 1685609500.428752
0 1685609500.428872
0 1685609500.4300494
1 1685609500.4775977
1 1685609500.4777668
1 1685609500.4786944
2 1685609500.4793994
2 1685609500.4795036
2 1685609500.480454
3 1685609500.4816253
3 1685609500.4817538
3 1685609500.4837174
4 1685609500.5544658
4 1685609500.5546646
4 1685609500.5568397
5 1685609500.6449354
5 1685609500.645097
5 1685609500.7623167
6 1685609500.8782837
6 1685609500.8784282
6 1685609500.879185
7 1685609500.8804185
7 1685609500.9384243
7 1685609500.981159


t:  55


0 1685609501.0297384
0 1685609501.029864
0 1685609501.2604508
1 1685609501.2616982
1 1685609501.2618592
1 1685609501.7099934
2 1685609501.710815
2 1685609501.7109532
2 1685609501.7117932
3 1685609501.7126904
3 1685609501.7128568
3 1685609502.0342348
4 1685609502.0350163
4 1685609502.0351596
4 1685609502.0361073
5 1685609502.0507882
5 1685609502.081345
5 1685609502.3692565
6 1685609502.4543746
6 1685609502.454568
6 1685609502.4554722
7 1685609502.457897
7 1685609502.4580867
7 1685609502.460069


t:  56


0 1685609503.1193595
0 1685609503.5006914
0 1685609503.5016997
1 1685609503.6962893
1 1685609503.6964204
1 1685609503.6974835
2 1685609503.7089167
2 1685609503.7185845
2 1685609503.7197714
3 1685609503.7937467
3 1685609503.7939105
3 1685609503.8140948
4 1685609503.8215067
4 1685609504.134976
4 1685609504.1359932
5 1685609504.1809607
5 1685609504.1811235
5 1685609504.1821008
6 1685609504.2284958
6 1685609504.2286832
6 1685609504.2631576
7 1685609504.2639205
7 1685609504.2640822
7 1685609504.389714


t:  57


0 1685609504.4759946
0 1685609504.4761484
0 1685609504.4771187
1 1685609504.47799
1 1685609504.4781423
1 1685609504.480934
2 1685609504.631728
2 1685609504.6319494
2 1685609504.6328197
3 1685609504.6334484
3 1685609504.6335585
3 1685609504.6343124
4 1685609504.6503778
4 1685609504.6505563
4 1685609504.6516926
5 1685609504.653263
5 1685609504.6626785
5 1685609504.6635246
6 1685609504.664309
6 1685609504.669625
6 1685609504.6705706
7 1685609504.671818
7 1685609504.6721034
7 1685609504.6730938


t:  58


0 1685609505.3674343
0 1685609505.3890743
0 1685609505.787343
1 1685609505.8337827
1 1685609506.0636744
1 1685609506.4862583
2 1685609506.5454853
2 1685609506.7220287
2 1685609506.9723911
3 1685609506.9732301
3 1685609506.973357
3 1685609506.9802399
4 1685609507.083882
4 1685609507.0841095
4 1685609507.0858264
5 1685609507.0867133
5 1685609507.0868902
5 1685609507.0882638
6 1685609507.1314256
6 1685609507.131604
6 1685609507.1328106
7 1685609507.1338475
7 1685609507.1339602
7 1685609507.2184253


t:  59


0 1685609507.2470658
0 1685609507.2472067
0 1685609507.2487628
1 1685609507.2494256
1 1685609507.2495217
1 1685609507.2501361
2 1685609507.2505682
2 1685609507.250664
2 1685609507.2512646
3 1685609507.251694
3 1685609507.2518084
3 1685609507.3007965
4 1685609507.3017876
4 1685609507.3019965
4 1685609507.3034153
5 1685609507.304327
5 1685609507.3044674
5 1685609507.3966477
6 1685609507.4044068
6 1685609507.4046285
6 1685609507.4055684
7 1685609507.4832468
7 1685609507.5118146
7 1685609507.5128648


t:  60


0 1685609507.7632778
0 1685609507.7633903
0 1685609507.8757906
1 1685609507.8767202
1 1685609507.8902755
1 1685609507.9763858
2 1685609508.0748842
2 1685609508.3231816
2 1685609508.3249257
3 1685609508.3383746
3 1685609508.344363
3 1685609508.3963869
4 1685609508.5046506
4 1685609508.614767
4 1685609508.6208525
5 1685609508.6640825
5 1685609508.6944394
5 1685609508.8035498
6 1685609508.8047805
6 1685609508.8049068
6 1685609508.8110852
7 1685609508.8735096
7 1685609508.8736773
7 1685609508.878766


t:  61


0 1685609509.1744006
0 1685609509.174638
0 1685609509.1909926
1 1685609509.2173796
1 1685609509.2180765
1 1685609509.2191327
2 1685609509.2198663
2 1685609509.2925422
2 1685609509.304636
3 1685609509.30554
3 1685609509.305669
3 1685609509.3261414
4 1685609509.327252
4 1685609509.3273866
4 1685609509.330973
5 1685609509.3980627
5 1685609509.3982656
5 1685609509.39928
6 1685609509.496722
6 1685609509.5145428
6 1685609509.5155928
7 1685609509.7115872
7 1685609509.711772
7 1685609509.713253


t:  62


0 1685609510.044637
0 1685609510.0447598
0 1685609510.0456996
1 1685609510.046324
1 1685609510.152625
1 1685609510.153714
2 1685609510.1543987
2 1685609510.1545238
2 1685609510.1723707
3 1685609510.1736846
3 1685609510.1944053
3 1685609510.2154331
4 1685609510.2161534
4 1685609510.2162752
4 1685609510.2170787
5 1685609510.21816
5 1685609510.218272
5 1685609510.219022
6 1685609510.2197618
6 1685609510.2199621
6 1685609510.221152
7 1685609510.2365274
7 1685609510.236691
7 1685609510.2378812


t:  63


0 1685609510.2741292
0 1685609510.2742708
0 1685609510.2754872
1 1685609510.3510306
1 1685609510.3699727
1 1685609510.3714314
2 1685609510.3803453
2 1685609510.3805192
2 1685609510.3813274
3 1685609510.4229383
3 1685609510.423126
3 1685609510.5317004
4 1685609510.547031
4 1685609510.5471754
4 1685609510.5777636
5 1685609510.6226056
5 1685609510.622761
5 1685609510.6941245
6 1685609510.7161703
6 1685609510.7163358
6 1685609510.7173674
7 1685609510.7767456
7 1685609510.7768984
7 1685609510.7778513


t:  64


0 1685609511.6161628
0 1685609511.6162815
0 1685609511.6172185
1 1685609511.6533804
1 1685609511.6535118
1 1685609511.654363
2 1685609511.6551077
2 1685609511.6656978
2 1685609511.66901
3 1685609511.8466032
3 1685609511.847114
3 1685609511.8482423
4 1685609511.849296
4 1685609511.849494
4 1685609511.8654191
5 1685609511.867432
5 1685609511.8676505
5 1685609512.076535
6 1685609512.246892
6 1685609512.246994
6 1685609512.251978
7 1685609512.2530954
7 1685609512.2533374
7 1685609512.254533


t:  65


0 1685609512.7450533
0 1685609512.8465734
0 1685609512.847481
1 1685609513.0193408
1 1685609513.2546625
1 1685609513.3351793
2 1685609513.3366592
2 1685609513.3370004
2 1685609513.3407323
3 1685609513.4417691
3 1685609513.441939
3 1685609513.4431422
4 1685609513.4457016
4 1685609513.445889
4 1685609513.567408
5 1685609513.5683784
5 1685609513.5685241
5 1685609513.5691783
6 1685609513.569657
6 1685609513.5698996
6 1685609513.7192707
7 1685609513.9842424
7 1685609513.98437
7 1685609513.9877386


t:  66


0 1685609514.519014
0 1685609514.5882273
0 1685609514.5897532
1 1685609514.59064
1 1685609514.590802
1 1685609514.6439605
2 1685609514.6450396
2 1685609514.6451755
2 1685609514.6910567
3 1685609514.7386196
3 1685609514.8117442
3 1685609514.985784
4 1685609514.986769
4 1685609515.2839274
4 1685609515.2951713
5 1685609515.6203723
5 1685609515.631341
5 1685609515.6323328
6 1685609515.6739051
6 1685609515.6740503
6 1685609515.7846634
7 1685609515.7865968
7 1685609515.7867434
7 1685609515.7874558


t:  67


0 1685609516.0695598
0 1685609516.0698078
0 1685609516.0850713
1 1685609516.1513395
1 1685609516.1514766
1 1685609516.2026646
2 1685609516.203373
2 1685609516.2035778
2 1685609516.2046378
3 1685609516.2056365
3 1685609516.205898
3 1685609516.2368367
4 1685609516.266153
4 1685609516.3434353
4 1685609516.3444555
5 1685609516.3660984
5 1685609516.3663368
5 1685609516.3682606
6 1685609516.6593783
6 1685609516.6595805
6 1685609516.680587
7 1685609516.6907723
7 1685609516.6909025
7 1685609516.8844202


t:  68


0 1685609517.1141498
0 1685609517.1142848
0 1685609517.1150672
1 1685609517.17438
1 1685609517.2413154
1 1685609517.2421336
2 1685609517.3711982
2 1685609517.371355
2 1685609517.4326856
3 1685609517.5271447
3 1685609517.5273523
3 1685609517.5557868
4 1685609517.71265
4 1685609517.7127945
4 1685609517.7144763
5 1685609517.7155986
5 1685609517.8186357
5 1685609517.819676
6 1685609517.8215246
6 1685609517.8216708
6 1685609518.101551
7 1685609518.105978
7 1685609518.1062078
7 1685609518.1076248


t:  69


0 1685609519.1347165
0 1685609519.1349058
0 1685609519.1361208
1 1685609519.1376088
1 1685609519.1378121
1 1685609519.2385468
2 1685609519.2395883
2 1685609519.2397368
2 1685609519.2770472
3 1685609519.2777717
3 1685609519.2779305
3 1685609519.2787578
4 1685609519.2796965
4 1685609519.282327
4 1685609519.479617
5 1685609519.4803753
5 1685609519.4805343
5 1685609519.5816486
6 1685609519.5824625
6 1685609519.6664765
6 1685609519.6676743
7 1685609519.6690338
7 1685609519.669212
7 1685609519.8305066


t:  70


0 1685609520.3308399
0 1685609520.3309565
0 1685609520.332227
1 1685609520.426332
1 1685609520.4265175
1 1685609520.4272904
2 1685609520.4295087
2 1685609520.4297054
2 1685609520.4322524
3 1685609520.4630728
3 1685609520.4632266
3 1685609520.4647684
4 1685609520.465505
4 1685609520.465747
4 1685609520.4664755
5 1685609520.467156
5 1685609520.467306
5 1685609520.4700441
6 1685609520.5126815
6 1685609520.6480868
6 1685609520.6490357
7 1685609520.649648
7 1685609520.6497574
7 1685609520.6504407


t:  71


0 1685609520.7000043
0 1685609520.7002006
0 1685609520.75031
1 1685609520.7510915
1 1685609520.751267
1 1685609520.7526004
2 1685609520.753214
2 1685609520.7533455
2 1685609520.75423
3 1685609520.754851
3 1685609520.75497
3 1685609520.7556615
4 1685609520.956678
4 1685609520.9568465
4 1685609520.9580193
5 1685609521.1348436
5 1685609521.135069
5 1685609521.1590738
6 1685609521.1599774
6 1685609521.2254505
6 1685609521.3460276
7 1685609521.6530378
7 1685609521.6531782
7 1685609521.6541035


t:  72


0 1685609521.8634708
0 1685609521.8636253
0 1685609521.9757793
1 1685609522.0443923
1 1685609522.0447023
1 1685609522.046262
2 1685609522.1182973
2 1685609522.1184986
2 1685609522.1200929
3 1685609522.1231189
3 1685609522.1233075
3 1685609522.192616
4 1685609522.1941476
4 1685609522.1942885
4 1685609522.559819
5 1685609522.5605125
5 1685609522.6190672
5 1685609522.656217
6 1685609522.6573007
6 1685609522.6574383
6 1685609522.6584852
7 1685609522.702284
7 1685609522.7024775
7 1685609522.7032595


t:  73


0 1685609522.8543267
0 1685609522.8544717
0 1685609522.8785636
1 1685609522.8794067
1 1685609522.879551
1 1685609522.8814611
2 1685609522.8820477
2 1685609522.8822424
2 1685609522.8830462
3 1685609522.9642577
3 1685609522.9645963
3 1685609522.9654083
4 1685609522.966082
4 1685609523.03969
4 1685609523.0406728
5 1685609523.0413172
5 1685609523.0414467
5 1685609523.0618498
6 1685609523.0662808
6 1685609523.0664215
6 1685609523.0671606
7 1685609523.0928843
7 1685609523.0930514
7 1685609523.174177


t:  74


0 1685609523.2793245
0 1685609523.279472
0 1685609523.3096359
1 1685609523.3103178
1 1685609523.310456
1 1685609523.4799054
2 1685609523.6078048
2 1685609523.6079757
2 1685609523.609137
3 1685609523.8800013
3 1685609523.8801289
3 1685609523.8811896
4 1685609523.8819342
4 1685609523.882069
4 1685609523.8835628
5 1685609523.9168465
5 1685609523.9170635
5 1685609523.9179645
6 1685609523.9186678
6 1685609523.9188507
6 1685609523.9202664
7 1685609524.0335171
7 1685609524.0336673
7 1685609524.03507


t:  75


0 1685609524.2572231
0 1685609524.2574227
0 1685609524.2590175
1 1685609524.2603958
1 1685609524.260569
1 1685609524.371649
2 1685609524.3737
2 1685609524.3738415
2 1685609524.3749099
3 1685609524.376573
3 1685609524.376724
3 1685609524.378789
4 1685609524.5526114
4 1685609524.5668466
4 1685609524.5676637
5 1685609524.7069023
5 1685609524.707055
5 1685609525.1794033
6 1685609525.1814277
6 1685609525.1815593
6 1685609525.202286
7 1685609525.2031395
7 1685609525.2033134
7 1685609525.2042336


t:  76


0 1685609525.3514025
0 1685609525.3515635
0 1685609525.3532493
1 1685609525.513117
1 1685609525.513264
1 1685609525.5868194
2 1685609525.6262736
2 1685609525.626452
2 1685609525.6272464
3 1685609525.6676962
3 1685609525.6678302
3 1685609525.7842703
4 1685609525.7857325
4 1685609525.7859132
4 1685609525.8095262
5 1685609525.8103096
5 1685609525.810417
5 1685609525.8111696
6 1685609525.8910406
6 1685609525.8912334
6 1685609525.8921635
7 1685609525.892807
7 1685609525.8929152
7 1685609525.8965256


t:  77


0 1685609526.0396204
0 1685609526.0397644
0 1685609526.116399
1 1685609526.117258
1 1685609526.2076874
1 1685609526.2342765
2 1685609526.3225658
2 1685609526.328151
2 1685609526.339518
3 1685609526.358662
3 1685609526.3678024
3 1685609526.3690495
4 1685609526.3714373
4 1685609526.3716383
4 1685609526.4300525
5 1685609526.596306
5 1685609526.5966125
5 1685609526.634188
6 1685609526.6352189
6 1685609526.6353905
6 1685609526.6368415
7 1685609526.8708925
7 1685609526.8710222
7 1685609526.87195


t:  78


0 1685609527.0575776
0 1685609527.0577219
0 1685609527.0586271
1 1685609527.0592804
1 1685609527.059415
1 1685609527.0816169
2 1685609527.0822525
2 1685609527.0824113
2 1685609527.0834353
3 1685609527.1582017
3 1685609527.1589272
3 1685609527.3264327
4 1685609527.3271837
4 1685609527.3273568
4 1685609527.410479
5 1685609527.560683
5 1685609527.5608075
5 1685609527.5615792
6 1685609527.562245
6 1685609527.5624151
6 1685609527.6493738
7 1685609527.6551857
7 1685609527.6555676
7 1685609527.858178


t:  79


0 1685609528.3057184
0 1685609528.3060386
0 1685609528.308219
1 1685609528.3739185
1 1685609528.374073
1 1685609528.396527
2 1685609528.3974333
2 1685609528.3975642
2 1685609528.5222585
3 1685609528.5232482
3 1685609528.5234308
3 1685609528.6859262
4 1685609528.7098916
4 1685609528.738402
4 1685609528.7856193
5 1685609528.7868564
5 1685609528.7871368
5 1685609528.7889733
6 1685609528.7902856
6 1685609528.8204014
6 1685609528.9102778
7 1685609528.9753149
7 1685609528.9755015
7 1685609528.977178


t:  80


0 1685609529.0429225
0 1685609529.043127
0 1685609529.086183
1 1685609529.0869794
1 1685609529.087124
1 1685609529.2070968
2 1685609529.2088134
2 1685609529.208987
2 1685609529.2098782
3 1685609529.2110853
3 1685609529.2147408
3 1685609529.2162611
4 1685609529.2221422
4 1685609529.2224233
4 1685609529.260728
5 1685609529.368822
5 1685609529.3690534
5 1685609529.3698757
6 1685609529.3706949
6 1685609529.3708289
6 1685609529.37161
7 1685609529.3725102
7 1685609529.372685
7 1685609529.3736985


t:  81


0 1685609529.385412
0 1685609529.3855298
0 1685609529.3863227
1 1685609529.5705252
1 1685609529.5706828
1 1685609529.5857766
2 1685609529.5865192
2 1685609529.5917807
2 1685609529.5925941
3 1685609529.593376
3 1685609529.5934794
3 1685609529.5942748
4 1685609529.5950239
4 1685609529.5951293
4 1685609529.6466665
5 1685609529.6795988
5 1685609529.679732
5 1685609529.6811128
6 1685609529.6819344
6 1685609529.6820676
6 1685609529.682902
7 1685609529.8314981
7 1685609529.8488874
7 1685609529.9882889


t:  82


0 1685609530.4719424
0 1685609530.4720924
0 1685609530.4730527
1 1685609530.5698576
1 1685609530.5701218
1 1685609530.5715015
2 1685609530.680022
2 1685609530.680198
2 1685609530.6883516
3 1685609530.6898718
3 1685609530.6911676
3 1685609530.6923425
4 1685609530.7811286
4 1685609530.781303
4 1685609530.8545516
5 1685609530.8553963
5 1685609530.855582
5 1685609530.856617
6 1685609530.8851278
6 1685609530.885293
6 1685609530.8862023
7 1685609530.8900435
7 1685609530.8956542
7 1685609530.8966756


t:  83


0 1685609531.1554945
0 1685609531.1560223
0 1685609531.1584253
1 1685609531.171124
1 1685609531.171342
1 1685609531.1749256
2 1685609531.1757963
2 1685609531.176039
2 1685609531.1769056
3 1685609531.204067
3 1685609531.2061133
3 1685609531.212439
4 1685609531.2132313
4 1685609531.21336
4 1685609531.217033
5 1685609531.2181718
5 1685609531.21832
5 1685609531.4110346
6 1685609531.7339978
6 1685609531.7341657
6 1685609531.7359233
7 1685609531.7367737
7 1685609531.7377837
7 1685609531.935596


t:  84


0 1685609532.7067797
0 1685609532.7070646
0 1685609532.836063
1 1685609532.8420305
1 1685609532.847296
1 1685609532.868821
2 1685609532.9482875
2 1685609532.9657772
2 1685609532.966756
3 1685609533.1033368
3 1685609533.103607
3 1685609533.1047914
4 1685609533.1070487
4 1685609533.1072605
4 1685609533.1085224
5 1685609533.1101787
5 1685609533.1364012
5 1685609533.1387453
6 1685609533.1826222
6 1685609533.2648823
6 1685609533.266015
7 1685609533.266881
7 1685609533.2670383
7 1685609533.2707653


t:  85


0 1685609533.7323048
0 1685609533.7324212
0 1685609533.7332277
1 1685609533.7490575
1 1685609533.749285
1 1685609533.7554443
2 1685609533.7562194
2 1685609533.7563567
2 1685609533.7572343
3 1685609533.792514
3 1685609533.7926528
3 1685609533.8504226
4 1685609533.8538492
4 1685609533.8539858
4 1685609533.8548634
5 1685609533.8555815
5 1685609533.8556926
5 1685609534.2011337
6 1685609534.206221
6 1685609534.2063806
6 1685609534.2072682
7 1685609534.2083554
7 1685609534.2085066
7 1685609534.2098553


t:  86


0 1685609534.530622
0 1685609534.5307372
0 1685609534.5316024
1 1685609534.613971
1 1685609534.61418
1 1685609534.6151638
2 1685609534.6161995
2 1685609534.6163054
2 1685609534.6222796
3 1685609534.6242187
3 1685609534.6243122
3 1685609534.7534046
4 1685609534.8680975
4 1685609534.8682637
4 1685609534.869695
5 1685609534.9671547
5 1685609534.9672859
5 1685609534.9688413
6 1685609535.0588772
6 1685609535.1077104
6 1685609535.1376178
7 1685609535.1667569
7 1685609535.2964296
7 1685609535.3972056


t:  87


0 1685609536.051415
0 1685609536.0515833
0 1685609536.0525663
1 1685609536.0533972
1 1685609536.115275
1 1685609536.116147
2 1685609536.1176434
2 1685609536.1179764
2 1685609536.2175426
3 1685609536.2188134
3 1685609536.219078
3 1685609536.2204633
4 1685609536.2605124
4 1685609536.2606401
4 1685609536.2616568
5 1685609536.2622638
5 1685609536.2624009
5 1685609536.263273
6 1685609536.3466914
6 1685609536.3468983
6 1685609536.3483665
7 1685609536.4437716
7 1685609536.443939
7 1685609536.4450395


t:  88


0 1685609536.7114182
0 1685609536.7621233
0 1685609536.7629964
1 1685609536.764123
1 1685609536.9323158
1 1685609536.9331737
2 1685609536.938336
2 1685609536.9385452
2 1685609536.940195
3 1685609536.9410095
3 1685609536.9411812
3 1685609537.0152588
4 1685609537.016108
4 1685609537.2126188
4 1685609537.213497
5 1685609537.2147653
5 1685609537.4928658
5 1685609537.499263
6 1685609537.5009625
6 1685609537.619393
6 1685609537.6205359
7 1685609537.699613
7 1685609537.720298
7 1685609537.7370386


t:  89


0 1685609538.1813772
0 1685609538.1815786
0 1685609538.182886
1 1685609538.1836724
1 1685609538.249107
1 1685609538.4124186
2 1685609538.413362
2 1685609538.4829562
2 1685609538.6582522
3 1685609538.665873
3 1685609538.666068
3 1685609538.7181504
4 1685609538.71925
4 1685609538.7389762
4 1685609538.7402844
5 1685609538.7412503
5 1685609538.741547
5 1685609538.8032906
6 1685609538.804188
6 1685609538.804333
6 1685609538.8053608
7 1685609538.8061438
7 1685609538.806276
7 1685609538.8070061


t:  90


0 1685609538.924263
0 1685609538.9243844
0 1685609538.9253724
1 1685609538.9417078
1 1685609538.9418569
1 1685609538.9426296
2 1685609538.943852
2 1685609538.944057
2 1685609538.945301
3 1685609539.1679385
3 1685609539.1681044
3 1685609539.1695735
4 1685609539.1712375
4 1685609539.171571
4 1685609539.275349
5 1685609539.2766852
5 1685609539.3095357
5 1685609539.5188286
6 1685609539.525307
6 1685609539.611436
6 1685609539.6540902
7 1685609539.655523
7 1685609539.676973
7 1685609539.8192503


t:  91


0 1685609540.122446
0 1685609540.1225827
0 1685609540.1235206
1 1685609540.1241302
1 1685609540.1242352
1 1685609540.1255357
2 1685609540.1512058
2 1685609540.2000585
2 1685609540.2009692
3 1685609540.2638056
3 1685609540.2640312
3 1685609540.2657716
4 1685609540.2668574
4 1685609540.267003
4 1685609540.348468
5 1685609540.3491488
5 1685609540.3492875
5 1685609540.4102619
6 1685609540.4111223
6 1685609540.4112527
6 1685609540.4122713
7 1685609540.4129794
7 1685609540.4132657
7 1685609540.456869


t:  92


0 1685609540.4750953
0 1685609540.475286
0 1685609540.613427
1 1685609540.6141746
1 1685609540.614313
1 1685609540.615329
2 1685609540.6827073
2 1685609540.6828618
2 1685609540.684032
3 1685609540.6850889
3 1685609540.685239
3 1685609540.6863942
4 1685609540.7288604
4 1685609540.7290134
4 1685609540.75353
5 1685609540.8854043
5 1685609540.8856277
5 1685609540.8896823
6 1685609540.890656
6 1685609540.8908322
6 1685609540.8917532
7 1685609540.909458
7 1685609540.9096076
7 1685609540.9106145


t:  93


0 1685609541.3258424
0 1685609541.3259797
0 1685609541.326988
1 1685609541.3276303
1 1685609541.3277855
1 1685609541.3287635
2 1685609541.3968637
2 1685609541.397048
2 1685609541.398076
3 1685609541.3987408
3 1685609541.3988743
3 1685609541.399767
4 1685609541.4378114
4 1685609541.4379902
4 1685609541.501285
5 1685609541.5023599
5 1685609541.5024807
5 1685609541.5705867
6 1685609541.6499343
6 1685609541.6500745
6 1685609541.656729
7 1685609541.6574814
7 1685609541.6576
7 1685609541.6583576


t:  94


0 1685609541.777782
0 1685609541.7778945
0 1685609541.7901495
1 1685609541.800418
1 1685609541.8005917
1 1685609541.8017087
2 1685609541.8025796
2 1685609541.8027523
2 1685609541.8705204
3 1685609541.873976
3 1685609541.8741846
3 1685609541.875825
4 1685609542.1661072
4 1685609542.2033772
4 1685609542.2127473
5 1685609542.2132432
5 1685609542.2133634
5 1685609542.2139506
6 1685609542.2144213
6 1685609542.2145228
6 1685609542.215098
7 1685609542.2732582
7 1685609542.2734773
7 1685609542.2744331


t:  95


0 1685609542.6992774
0 1685609542.7204967
0 1685609542.7216196
1 1685609542.722447
1 1685609542.7279594
1 1685609542.8905807
2 1685609542.891747
2 1685609542.983637
2 1685609543.0145624
3 1685609543.0967834
3 1685609543.1131015
3 1685609543.2157438
4 1685609543.2902994
4 1685609543.2904866
4 1685609543.2916458
5 1685609543.2930155
5 1685609543.3881185
5 1685609543.3888862
6 1685609543.3923337
6 1685609543.451918
6 1685609543.4553244
7 1685609543.6415985
7 1685609543.6417727
7 1685609543.6426654


t:  96


0 1685609544.0071893
0 1685609544.0073564
0 1685609544.145837
1 1685609544.1465955
1 1685609544.146739
1 1685609544.1485255
2 1685609544.4211538
2 1685609544.4213476
2 1685609544.422818
3 1685609544.4237742
3 1685609544.4239457
3 1685609544.4247031
4 1685609544.5843563
4 1685609544.5845847
4 1685609544.8166592
5 1685609544.8483367
5 1685609544.848521
5 1685609544.8498566
6 1685609544.8632548
6 1685609544.8634076
6 1685609544.8643944
7 1685609544.865545
7 1685609544.865676
7 1685609544.8663652


t:  97


0 1685609544.938528
0 1685609544.9386396
0 1685609544.9395342
1 1685609544.9401236
1 1685609545.150699
1 1685609545.1515794
2 1685609545.1784463
2 1685609545.1786585
2 1685609545.179801
3 1685609545.1807065
3 1685609545.1809008
3 1685609545.1843536
4 1685609545.329321
4 1685609545.3294883
4 1685609545.3310227
5 1685609545.4121213
5 1685609545.4122841
5 1685609545.4138188
6 1685609545.4145725
6 1685609545.4147243
6 1685609545.4163632
7 1685609545.4514916
7 1685609545.4516306
7 1685609545.452859


t:  98


0 1685609545.476489
0 1685609545.4767265
0 1685609545.4909837
1 1685609545.491739
1 1685609545.491993
1 1685609545.492917
2 1685609545.7313905
2 1685609545.7807152
2 1685609545.7816908
3 1685609546.04261
3 1685609546.0427873
3 1685609546.0444813
4 1685609546.045544
4 1685609546.0456884
4 1685609546.0465965
5 1685609546.0650806
5 1685609546.0652456
5 1685609546.2910461
6 1685609546.291891
6 1685609546.2974339
6 1685609546.3047109
7 1685609546.3880796
7 1685609546.388313
7 1685609546.390016


t:  99


0 1685609546.753341
0 1685609546.753523
0 1685609546.7896953
1 1685609546.790589
1 1685609546.790717
1 1685609546.9222744
2 1685609546.9245954
2 1685609546.9247494
2 1685609546.9258144
3 1685609546.9265378
3 1685609546.9266782
3 1685609546.927525
4 1685609547.1715338
4 1685609547.1717799
4 1685609547.1727383
5 1685609547.1734443
5 1685609547.1735973
5 1685609547.2242649
6 1685609547.2405307
6 1685609547.2407217
6 1685609547.2414823
7 1685609547.242178
7 1685609547.2423427
7 1685609547.2968953
done
(base) ]0;steven@steven-VirtualBox: ~/catkin_ws/src/controller_py/src[01;32msteven@steven-VirtualBox[00m:[01;34m~/catkin_ws/src/controller_py/src[00m$ exit
exit

Script done on 2023-06-01 10:52:38+02:00 [COMMAND_EXIT_CODE="0"]
