t:  0


0 1685563143.078047
0 1685563143.0802603
0 1685563143.0841465
1 1685563143.0844927
1 1685563143.0846038
1 1685563143.1941369
2 1685563143.19441
2 1685563143.1945522
2 1685563143.1953137
3 1685563143.200563
3 1685563143.233549
3 1685563143.27989
4 1685563143.2800925
4 1685563143.280192
4 1685563143.2877219
5 1685563143.341533
5 1685563143.3416896
5 1685563143.344947


t:  1


0 1685563143.4317043
0 1685563143.4318507
0 1685563143.4327598
1 1685563143.4347227
1 1685563143.4476395
1 1685563143.4545002
2 1685563143.474061
2 1685563143.4742508
2 1685563143.474939
3 1685563143.4750814
3 1685563143.4751647
3 1685563143.4756734
4 1685563143.4758363
4 1685563143.4759226
4 1685563143.530206
5 1685563143.531186
5 1685563143.5512342
5 1685563143.5576324


t:  2


0 1685563143.8296888
0 1685563143.829884
0 1685563143.871096
1 1685563143.87191
1 1685563143.8721294
1 1685563144.0475411
2 1685563144.0483084
2 1685563144.048488
2 1685563144.0491967
3 1685563144.1213515
3 1685563144.1214895
3 1685563144.1589985
4 1685563144.160026
4 1685563144.1601872
4 1685563144.1894672
5 1685563144.2130775
5 1685563144.2183762
5 1685563144.2458313


t:  3


0 1685563144.5214815
0 1685563144.521675
0 1685563144.5228753
1 1685563144.5527759
1 1685563144.5529528
1 1685563144.553952
2 1685563144.5551465
2 1685563144.555278
2 1685563144.555984
3 1685563144.6527338
3 1685563144.6532512
3 1685563144.6543221
4 1685563144.7553144
4 1685563144.7855303
4 1685563144.795428
5 1685563144.8609245
5 1685563144.947627
5 1685563144.9487383


t:  4


0 1685563145.1850266
0 1685563145.346523
0 1685563145.3486643
1 1685563145.4105709
1 1685563145.410689
1 1685563145.4156177
2 1685563145.4438896
2 1685563145.444064
2 1685563145.4458215
3 1685563145.446445
3 1685563145.4465394
3 1685563145.6175137
4 1685563145.6180985
4 1685563145.6182318
4 1685563145.621745
5 1685563145.742139
5 1685563145.7895086
5 1685563145.8584616


t:  5


0 1685563146.1346045
0 1685563146.1347451
0 1685563146.1356392
1 1685563146.136469
1 1685563146.1505718
1 1685563146.2631278
2 1685563146.3186846
2 1685563146.318824
2 1685563146.3195932
3 1685563146.5185177
3 1685563146.5186481
3 1685563146.519403
4 1685563146.5226116
4 1685563146.5227897
4 1685563146.5270371
5 1685563146.527729
5 1685563146.5278637
5 1685563146.5693674


t:  6


0 1685563146.7481513
0 1685563146.748251
0 1685563146.7490048
1 1685563146.7504902
1 1685563146.7505999
1 1685563146.7516527
2 1685563146.81752
2 1685563146.8526845
2 1685563146.8851664
3 1685563146.9296455
3 1685563147.022027
3 1685563147.0228722
4 1685563147.023707
4 1685563147.02382
4 1685563147.0246344
5 1685563147.0468981
5 1685563147.1298304
5 1685563147.1336098


t:  7


0 1685563147.2286592
0 1685563147.2288263
0 1685563147.2628407
1 1685563147.3291712
1 1685563147.3295112
1 1685563147.3634157
2 1685563147.3800645
2 1685563147.3802629
2 1685563147.3820815
3 1685563147.5823874
3 1685563147.582536
3 1685563147.5836377
4 1685563147.5981603
4 1685563147.6174366
4 1685563147.649451
5 1685563147.6691935
5 1685563147.683998
5 1685563147.684858


t:  8


0 1685563147.752815
0 1685563147.752948
0 1685563147.797818
1 1685563147.7987077
1 1685563147.7988396
1 1685563147.7993684
2 1685563147.7999043
2 1685563147.8000042
2 1685563147.8011022
3 1685563147.8241892
3 1685563147.8930595
3 1685563147.8939378
4 1685563147.8948095
4 1685563147.8949082
4 1685563147.895634
5 1685563147.8969562
5 1685563147.897127
5 1685563147.8979707


t:  9


0 1685563147.9407952
0 1685563147.9408908
0 1685563147.9416935
1 1685563147.959216
1 1685563147.9593127
1 1685563147.960539
2 1685563147.9612403
2 1685563147.9614172
2 1685563147.9754546
3 1685563147.9759967
3 1685563147.9761178
3 1685563147.976912
4 1685563148.1018753
4 1685563148.1019914
4 1685563148.1027389
5 1685563148.1219838
5 1685563148.1221192
5 1685563148.122786


t:  10


0 1685563148.6114447
0 1685563148.6168206
0 1685563148.6825957
1 1685563148.6832068
1 1685563148.683344
1 1685563148.684314
2 1685563148.6854851
2 1685563148.6855996
2 1685563148.9266517
3 1685563148.9571598
3 1685563148.9573197
3 1685563148.9581997
4 1685563148.9614341
4 1685563148.962185
4 1685563148.9644444
5 1685563148.9656324
5 1685563148.9658446
5 1685563148.9666836


t:  11


0 1685563149.2364514
0 1685563149.2365587
0 1685563149.2403915
1 1685563149.2846954
1 1685563149.2848067
1 1685563149.2856145
2 1685563149.2866156
2 1685563149.286766
2 1685563149.3654833
3 1685563149.366674
3 1685563149.3668807
3 1685563149.367689
4 1685563149.368392
4 1685563149.3685117
4 1685563149.4259572
5 1685563149.4266996
5 1685563149.4268193
5 1685563149.42742


t:  12


0 1685563149.9364583
0 1685563149.9531379
0 1685563149.9541953
1 1685563149.9625125
1 1685563149.962655
1 1685563149.963483
2 1685563150.0402024
2 1685563150.0404048
2 1685563150.0414708
3 1685563150.1225824
3 1685563150.1227193
3 1685563150.1234846
4 1685563150.2254136
4 1685563150.2255707
4 1685563150.2417839
5 1685563150.2435184
5 1685563150.3661602
5 1685563150.3669758


t:  13


0 1685563150.543877
0 1685563150.5440032
0 1685563150.5448468
1 1685563150.5456207
1 1685563150.5457966
1 1685563150.570085
2 1685563150.570785
2 1685563150.5709617
2 1685563150.5719225
3 1685563150.5731487
3 1685563150.573246
3 1685563150.5969677
4 1685563150.5978293
4 1685563150.597965
4 1685563150.6011934
5 1685563150.6152542
5 1685563150.6154382
5 1685563150.6886654


t:  14


0 1685563150.8879442
0 1685563150.8880672
0 1685563151.1640375
1 1685563151.1774654
1 1685563151.1776483
1 1685563151.1785407
2 1685563151.1793463
2 1685563151.1794846
2 1685563151.180245
3 1685563151.2224772
3 1685563151.2540293
3 1685563151.260541
4 1685563151.262113
4 1685563151.2680345
4 1685563151.3652484
5 1685563151.4297297
5 1685563151.4609506
5 1685563151.4619212


t:  15


0 1685563151.587084
0 1685563151.5872056
0 1685563151.588101
1 1685563151.5896404
1 1685563151.5897644
1 1685563151.6423862
2 1685563151.6468902
2 1685563151.6470172
2 1685563151.6504579
3 1685563151.6511476
3 1685563151.6513922
3 1685563151.6521194
4 1685563151.6529613
4 1685563151.6581933
4 1685563151.658881
5 1685563151.713726
5 1685563151.7139487
5 1685563151.7154143


t:  16


0 1685563152.0404515
0 1685563152.0405486
0 1685563152.041481
1 1685563152.0423503
1 1685563152.0424361
1 1685563152.0432677
2 1685563152.099775
2 1685563152.1797328
2 1685563152.1824377
3 1685563152.334811
3 1685563152.340512
3 1685563152.3526688
4 1685563152.3534687
4 1685563152.3536165
4 1685563152.3543289
5 1685563152.44779
5 1685563152.447954
5 1685563152.449089


t:  17


0 1685563152.6101525
0 1685563152.6102512
0 1685563152.6111262
1 1685563152.6118271
1 1685563152.6303892
1 1685563152.7742622
2 1685563152.7749963
2 1685563152.7751255
2 1685563152.775814
3 1685563152.8378577
3 1685563152.8379672
3 1685563152.9690816
4 1685563153.056098
4 1685563153.0562494
4 1685563153.057582
5 1685563153.150091
5 1685563153.18477
5 1685563153.1856794


t:  18


0 1685563153.431534
0 1685563153.431723
0 1685563153.4939845
1 1685563153.532686
1 1685563153.532789
1 1685563153.5334725
2 1685563153.5612245
2 1685563153.561617
2 1685563153.655766
3 1685563153.6866426
3 1685563153.6867645
3 1685563153.6881738
4 1685563153.688837
4 1685563153.6889257
4 1685563153.6895325
5 1685563153.7127872
5 1685563153.7129104
5 1685563153.7150352


t:  19


0 1685563153.8066616
0 1685563153.8067596
0 1685563153.81808
1 1685563153.820074
1 1685563153.8201802
1 1685563153.8212292
2 1685563153.8224418
2 1685563153.8226173
2 1685563153.8817892
3 1685563153.883071
3 1685563153.8831816
3 1685563153.88391
4 1685563153.8849237
4 1685563153.8850486
4 1685563153.9869845
5 1685563153.9927158
5 1685563153.9928207
5 1685563153.9936376


t:  20


0 1685563154.0558271
0 1685563154.055929
0 1685563154.0566099
1 1685563154.0571704
1 1685563154.057326
1 1685563154.0579755
2 1685563154.1415496
2 1685563154.141668
2 1685563154.142425
3 1685563154.1432219
3 1685563154.1433167
3 1685563154.1532629
4 1685563154.2041316
4 1685563154.2042506
4 1685563154.279885
5 1685563154.2814045
5 1685563154.2975774
5 1685563154.4302244


t:  21


0 1685563154.5539567
0 1685563154.5541162
0 1685563154.5809398
1 1685563154.5819373
1 1685563154.582048
1 1685563154.582715
2 1685563154.6335628
2 1685563154.63367
2 1685563154.6346729
3 1685563154.641456
3 1685563154.6629755
3 1685563154.6640012
4 1685563154.6646008
4 1685563154.6647143
4 1685563154.7286587
5 1685563154.7296703
5 1685563154.7297978
5 1685563154.7306268


t:  22


0 1685563154.9088113
0 1685563154.9089189
0 1685563154.9104881
1 1685563155.0865183
1 1685563155.086641
1 1685563155.0874028
2 1685563155.0879915
2 1685563155.088111
2 1685563155.088809
3 1685563155.0893803
3 1685563155.1446652
3 1685563155.1457195
4 1685563155.1464748
4 1685563155.1465912
4 1685563155.1473281
5 1685563155.1492083
5 1685563155.1493635
5 1685563155.2499049


t:  23


0 1685563155.3457587
0 1685563155.345858
0 1685563155.3467784
1 1685563155.4138274
1 1685563155.4662402
1 1685563155.5611074
2 1685563155.5618534
2 1685563155.5619524
2 1685563155.562599
3 1685563155.568204
3 1685563155.568342
3 1685563155.5742006
4 1685563155.6805449
4 1685563155.819673
4 1685563155.8208008
5 1685563155.833335
5 1685563155.8336153
5 1685563155.8347142


t:  24


0 1685563156.0019436
0 1685563156.002065
0 1685563156.003056
1 1685563156.0668154
1 1685563156.0669732
1 1685563156.0682359
2 1685563156.0695937
2 1685563156.1243737
2 1685563156.125618
3 1685563156.1262271
3 1685563156.1263385
3 1685563156.1376066
4 1685563156.1571333
4 1685563156.1572626
4 1685563156.1591032
5 1685563156.1774397
5 1685563156.1775916
5 1685563156.204512


t:  25


0 1685563156.467594
0 1685563156.4677517
0 1685563156.559677
1 1685563156.5605335
1 1685563156.5607119
1 1685563156.5617816
2 1685563156.638258
2 1685563156.6825383
2 1685563156.6996355
3 1685563156.7757978
3 1685563156.775924
3 1685563156.7767591
4 1685563156.77747
4 1685563156.7775807
4 1685563156.7783408
5 1685563156.8323793
5 1685563156.8324995
5 1685563156.833346


t:  26


0 1685563156.901542
0 1685563156.9016774
0 1685563156.902641
1 1685563156.9033256
1 1685563156.9181786
1 1685563156.9189723
2 1685563156.9508364
2 1685563156.950989
2 1685563156.951734
3 1685563156.952682
3 1685563156.9528239
3 1685563156.9539647
4 1685563156.954558
4 1685563156.9546888
4 1685563157.029691
5 1685563157.0696359
5 1685563157.0698574
5 1685563157.123025


t:  27


0 1685563157.170506
0 1685563157.1706522
0 1685563157.1727662
1 1685563157.173613
1 1685563157.1737988
1 1685563157.1854923
2 1685563157.2105646
2 1685563157.2107337
2 1685563157.211557
3 1685563157.3306518
3 1685563157.4009728
3 1685563157.5933144
4 1685563157.5991378
4 1685563157.599283
4 1685563157.627212
5 1685563157.6364462
5 1685563157.6366017
5 1685563157.6379907


t:  28


0 1685563157.7164505
0 1685563157.718012
0 1685563157.7187376
1 1685563157.719215
1 1685563157.7193172
1 1685563157.7198856
2 1685563157.7203362
2 1685563157.725356
2 1685563157.747899
3 1685563157.8366013
3 1685563157.8524027
3 1685563157.8535044
4 1685563157.854304
4 1685563157.8544598
4 1685563157.8673835
5 1685563157.9505367
5 1685563157.9506946
5 1685563157.951899


t:  29


0 1685563158.0891757
0 1685563158.0894377
0 1685563158.0902107
1 1685563158.0909767
1 1685563158.1211505
1 1685563158.1222718
2 1685563158.123155
2 1685563158.1232936
2 1685563158.1335168
3 1685563158.2419405
3 1685563158.2420886
3 1685563158.3313048
4 1685563158.3607726
4 1685563158.3609052
4 1685563158.3619356
5 1685563158.362852
5 1685563158.3629994
5 1685563158.3661816


t:  30


0 1685563158.5140264
0 1685563158.5297906
0 1685563158.530786
1 1685563158.5314193
1 1685563158.5315256
1 1685563158.5323439
2 1685563158.5329738
2 1685563158.5332277
2 1685563158.569351
3 1685563158.5701804
3 1685563158.5928392
3 1685563158.5942607
4 1685563158.5950541
4 1685563158.6166012
4 1685563158.6315768
5 1685563158.6323986
5 1685563158.6774743
5 1685563158.796732


t:  31


0 1685563159.031616
0 1685563159.0317287
0 1685563159.1196225
1 1685563159.1203456
1 1685563159.1205068
1 1685563159.176966
2 1685563159.2291398
2 1685563159.3298864
2 1685563159.3306904
3 1685563159.331803
3 1685563159.3320217
3 1685563159.3330095
4 1685563159.4048326
4 1685563159.4050727
4 1685563159.4062226
5 1685563159.5241888
5 1685563159.524358
5 1685563159.525245


t:  32


0 1685563159.6261156
0 1685563159.6262944
0 1685563159.6438746
1 1685563159.6818943
1 1685563159.6820521
1 1685563159.683195
2 1685563159.749236
2 1685563159.9787958
2 1685563160.030502
3 1685563160.031208
3 1685563160.031346
3 1685563160.0335743
4 1685563160.0342722
4 1685563160.0344071
4 1685563160.1479862
5 1685563160.1488497
5 1685563160.1490052
5 1685563160.1501985


t:  33


0 1685563160.2441394
0 1685563160.2442544
0 1685563160.2456794
1 1685563160.2767718
1 1685563160.2769392
1 1685563160.3059237
2 1685563160.339777
2 1685563160.339903
2 1685563160.480136
3 1685563160.4809973
3 1685563160.4811578
3 1685563160.5277228
4 1685563160.5286043
4 1685563160.5287564
4 1685563160.5297687
5 1685563160.5586588
5 1685563160.5588124
5 1685563160.5601554


t:  34


0 1685563160.7088397
0 1685563160.7107685
0 1685563160.7116725
1 1685563160.7126548
1 1685563160.7236345
1 1685563160.743561
2 1685563160.8341935
2 1685563160.8344045
2 1685563160.8352737
3 1685563160.8358848
3 1685563160.836015
3 1685563160.837095
4 1685563160.9724088
4 1685563160.9726057
4 1685563161.170082
5 1685563161.171795
5 1685563161.1719491
5 1685563161.1727839


t:  35


0 1685563161.2384098
0 1685563161.2386155
0 1685563161.2789152
1 1685563161.2797515
1 1685563161.2800007
1 1685563161.2861588
2 1685563161.3265462
2 1685563161.326766
2 1685563161.3277032
3 1685563161.3283634
3 1685563161.3841352
3 1685563161.4207718
4 1685563161.468328
4 1685563161.4684577
4 1685563161.5121553
5 1685563161.5868375
5 1685563161.626891
5 1685563161.627918


t:  36


0 1685563161.7236698
0 1685563161.723791
0 1685563161.7250893
1 1685563161.726032
1 1685563161.7262604
1 1685563161.7761214
2 1685563161.8143291
2 1685563161.8144574
2 1685563161.815281
3 1685563161.8877234
3 1685563161.8878522
3 1685563161.8886924
4 1685563161.8893268
4 1685563161.8894472
4 1685563161.8900995
5 1685563162.19761
5 1685563162.1978097
5 1685563162.2674572


t:  37


0 1685563162.8169754
0 1685563162.8171196
0 1685563162.90522
1 1685563163.2754517
1 1685563163.275608
1 1685563163.3144753
2 1685563163.3152766
2 1685563163.315445
2 1685563163.3162205
3 1685563163.317733
3 1685563163.3178864
3 1685563163.3187265
4 1685563163.3908148
4 1685563163.3910155
4 1685563163.3919866
5 1685563163.3926141
5 1685563163.3927114
5 1685563163.3933237


t:  38


0 1685563163.5064774
0 1685563163.5066407
0 1685563163.508326
1 1685563163.514678
1 1685563163.5148337
1 1685563163.5326197
2 1685563163.5337408
2 1685563163.5338902
2 1685563163.534512
3 1685563163.5353522
3 1685563163.5355654
3 1685563163.5364485
4 1685563163.5371192
4 1685563163.537254
4 1685563163.8222451
5 1685563163.823186
5 1685563163.8642685
5 1685563163.9214733


t:  39


0 1685563163.9855142
0 1685563163.9856675
0 1685563163.9867058
1 1685563164.0052335
1 1685563164.0054314
1 1685563164.0097396
2 1685563164.010694
2 1685563164.0108285
2 1685563164.0116382
3 1685563164.0124047
3 1685563164.0125377
3 1685563164.0133932
4 1685563164.014889
4 1685563164.015032
4 1685563164.0157878
5 1685563164.0170884
5 1685563164.0172524
5 1685563164.0195022


t:  40


0 1685563164.135347
0 1685563164.1354628
0 1685563164.1378698
1 1685563164.1879604
1 1685563164.1880987
1 1685563164.2958934
2 1685563164.2978415
2 1685563164.2979527
2 1685563164.2986937
3 1685563164.2992845
3 1685563164.299385
3 1685563164.300132
4 1685563164.3244534
4 1685563164.3246207
4 1685563164.3254762
5 1685563164.3561795
5 1685563164.3563147
5 1685563164.464837


t:  41


0 1685563164.5870638
0 1685563164.5872242
0 1685563164.5884602
1 1685563164.606821
1 1685563164.6069472
1 1685563164.6332068
2 1685563164.6658497
2 1685563164.6659815
2 1685563164.6668513
3 1685563164.6694164
3 1685563164.6695492
3 1685563164.7041435
4 1685563164.7048137
4 1685563164.7049243
4 1685563164.705896
5 1685563164.7066357
5 1685563164.7067633
5 1685563164.7099125


t:  42


0 1685563164.8678553
0 1685563164.8679855
0 1685563164.8951926
1 1685563164.8958259
1 1685563164.8959308
1 1685563164.896595
2 1685563164.8970952
2 1685563164.8977892
2 1685563164.898492
3 1685563164.8990967
3 1685563164.8992417
3 1685563164.9000006
4 1685563164.949336
4 1685563164.9494753
4 1685563164.9503517
5 1685563164.9842196
5 1685563164.984359
5 1685563164.9851778


t:  43


0 1685563165.593675
0 1685563165.5937936
0 1685563165.59486
1 1685563165.5957363
1 1685563165.6317382
1 1685563165.7102284
2 1685563165.7583883
2 1685563165.767365
2 1685563165.7682197
3 1685563165.837866
3 1685563165.8379972
3 1685563165.8388817
4 1685563165.8841932
4 1685563165.8843524
4 1685563165.9775343
5 1685563165.97817
5 1685563165.9782808
5 1685563165.9827397


t:  44


0 1685563166.0085058
0 1685563166.0086257
0 1685563166.009669
1 1685563166.010244
1 1685563166.0103598
1 1685563166.0110261
2 1685563166.0119324
2 1685563166.012045
2 1685563166.0129623
3 1685563166.0141628
3 1685563166.0142686
3 1685563166.0555985
4 1685563166.0562181
4 1685563166.05633
4 1685563166.057941
5 1685563166.0585341
5 1685563166.0816517
5 1685563166.0823853


t:  45


0 1685563166.2965505
0 1685563166.2967114
0 1685563166.2977762
1 1685563166.2983859
1 1685563166.2984872
1 1685563166.3006716
2 1685563166.302063
2 1685563166.3023782
2 1685563166.3048282
3 1685563166.3823771
3 1685563166.3825142
3 1685563166.3833728
4 1685563166.404069
4 1685563166.4042022
4 1685563166.4051018
5 1685563166.484998
5 1685563166.4851182
5 1685563166.4859993


t:  46


0 1685563166.593728
0 1685563166.5938795
0 1685563166.6537755
1 1685563166.6544576
1 1685563166.6545672
1 1685563166.6556008
2 1685563166.6563694
2 1685563166.657584
2 1685563166.6582747
3 1685563166.6592834
3 1685563166.659429
3 1685563166.6604984
4 1685563166.6615202
4 1685563166.6616724
4 1685563166.6624694
5 1685563166.663209
5 1685563166.6633098
5 1685563166.6640484


t:  47


0 1685563166.798034
0 1685563166.7981758
0 1685563166.799102
1 1685563166.7998078
1 1685563166.7999115
1 1685563166.8005476
2 1685563166.801919
2 1685563166.802037
2 1685563166.828223
3 1685563166.8318677
3 1685563166.8320022
3 1685563166