t:  0


0 1685608488.4677353
0 1685608488.4682245
0 1685608488.6409461
1 1685608488.6946983
1 1685608488.6948757
1 1685608488.695813
2 1685608488.7558515
2 1685608488.8211432
2 1685608488.8242195
3 1685608489.0333934
3 1685608489.1020026
3 1685608489.2019432
4 1685608489.4296124
4 1685608489.4566884
4 1685608489.4901087
5 1685608489.6242692
5 1685608489.6295655
5 1685608489.672112


t:  1


0 1685608489.7257404
0 1685608489.725903
0 1685608489.7268488
1 1685608489.72756
1 1685608489.7276561
1 1685608489.8039908
2 1685608489.8041925
2 1685608489.8042839
2 1685608489.8048673
3 1685608489.8055458
3 1685608489.8247995
3 1685608489.8260882
4 1685608489.8265445
4 1685608489.8267834
4 1685608489.8355107
5 1685608489.8362103
5 1685608489.8747034
5 1685608489.8756592


t:  2


0 1685608490.2007215
0 1685608490.2348
0 1685608490.2911909
1 1685608490.2938993
1 1685608490.2991548
1 1685608490.300216
2 1685608490.3008401
2 1685608490.3167472
2 1685608490.31794
3 1685608490.3351345
3 1685608490.3823586
3 1685608490.3839917
4 1685608490.472513
4 1685608490.5418801
4 1685608490.5971887
5 1685608490.714647
5 1685608490.7697585
5 1685608490.7761612


t:  3


0 1685608491.0710306
0 1685608491.0871656
0 1685608491.0899582
1 1685608491.285586
1 1685608491.331976
1 1685608491.3370407
2 1685608491.3482966
2 1685608491.3614504
2 1685608491.460119
3 1685608491.4704475
3 1685608491.4721937
3 1685608491.564352
4 1685608491.8724644
4 1685608491.872626
4 1685608491.8736162
5 1685608491.899633
5 1685608491.8997443
5 1685608491.9005215


t:  4


0 1685608492.0452332
0 1685608492.04575
0 1685608492.2144413
1 1685608492.2149994
1 1685608492.2151186
1 1685608492.2158349
2 1685608492.2165704
2 1685608492.2166605
2 1685608492.2207432
3 1685608492.2876384
3 1685608492.3329208
3 1685608492.453992
4 1685608492.6169248
4 1685608492.7267485
4 1685608492.727663
5 1685608492.7841566
5 1685608492.7843518
5 1685608492.7878468


t:  5


0 1685608492.856266
0 1685608492.8597343
0 1685608492.8606658
1 1685608492.8615706
1 1685608492.861716
1 1685608492.931203
2 1685608492.9318485
2 1685608492.931985
2 1685608493.186926
3 1685608493.187527
3 1685608493.1876652
3 1685608493.1886222
4 1685608493.1893811
4 1685608493.1895647
4 1685608493.2018867
5 1685608493.2028675
5 1685608493.2030535
5 1685608493.204308


t:  6


0 1685608493.761784
0 1685608493.7619004
0 1685608493.7632546
1 1685608493.7639456
1 1685608493.7640903
1 1685608493.765085
2 1685608493.8524396
2 1685608493.8705475
2 1685608493.8712275
3 1685608493.8720438
3 1685608493.8721585
3 1685608493.8730597
4 1685608493.9533615
4 1685608493.9534857
4 1685608493.9543338
5 1685608493.9554572
5 1685608493.955593
5 1685608494.148117


t:  7


0 1685608494.2225714
0 1685608494.222725
0 1685608494.25665
1 1685608494.2575374
1 1685608494.2576568
1 1685608494.25858
2 1685608494.2596622
2 1685608494.2599306
2 1685608494.2977083
3 1685608494.2982483
3 1685608494.298362
3 1685608494.2989085
4 1685608494.300377
4 1685608494.3004673
4 1685608494.3010304
5 1685608494.3679934
5 1685608494.368107
5 1685608494.368751


t:  8


0 1685608494.6844928
0 1685608494.7671375
0 1685608494.8189445
1 1685608495.0189714
1 1685608495.125337
1 1685608495.126422
2 1685608495.127209
2 1685608495.1273303
2 1685608495.128184
3 1685608495.2518125
3 1685608495.251954
3 1685608495.252688
4 1685608495.2531478
4 1685608495.2532332
4 1685608495.280058
5 1685608495.281978
5 1685608495.2821112
5 1685608495.2891467


t:  9


0 1685608495.3612375
0 1685608495.361384
0 1685608495.5375686
1 1685608495.5383646
1 1685608495.538508
1 1685608495.539468
2 1685608495.540201
2 1685608495.5927026
2 1685608495.5945046
3 1685608495.7321553
3 1685608495.7324564
3 1685608495.7672856
4 1685608495.8617113
4 1685608495.9430943
4 1685608495.9512267
5 1685608495.9527938
5 1685608495.9530017
5 1685608495.9539254


t:  10


0 1685608496.23816
0 1685608496.2383237
0 1685608496.2615514
1 1685608496.2627833
1 1685608496.2629204
1 1685608496.2646317
2 1685608496.3318064
2 1685608496.4304886
2 1685608496.4736197
3 1685608496.5217862
3 1685608496.6203835
3 1685608496.62203
4 1685608496.687377
4 1685608496.6875093
4 1685608496.688853
5 1685608496.689482
5 1685608496.689606
5 1685608496.6902666


t:  11


0 1685608496.8030987
0 1685608496.803249
0 1685608496.8046489
1 1685608496.8065162
1 1685608496.80677
1 1685608496.8409853
2 1685608496.9176571
2 1685608496.9178035
2 1685608496.918834
3 1685608496.9196112
3 1685608497.1076431
3 1685608497.1104598
4 1685608497.129721
4 1685608497.1298623
4 1685608497.130754
5 1685608497.1314378
5 1685608497.1315506
5 1685608497.1502602


t:  12


0 1685608497.2218778
0 1685608497.2220302
0 1685608497.3302326
1 1685608497.3363364
1 1685608497.4248507
1 1685608497.4258456
2 1685608497.430644
2 1685608497.4395342
2 1685608497.4407847
3 1685608497.441346
3 1685608497.4414525
3 1685608497.4897454
4 1685608497.4905531
4 1685608497.4906888
4 1685608497.500051
5 1685608497.5006533
5 1685608497.5007832
5 1685608497.5135515


t:  13


0 1685608497.5605857
0 1685608497.5606833
0 1685608497.5631282
1 1685608497.5638165
1 1685608497.563973
1 1685608497.567245
2 1685608497.5746841
2 1685608497.5750647
2 1685608497.6536343
3 1685608497.662439
3 1685608497.6657143
3 1685608497.6665895
4 1685608497.670169
4 1685608497.7330127
4 1685608497.8369694
5 1685608497.8997025
5 1685608497.944795
5 1685608497.9534602


t:  14


0 1685608498.077466
0 1685608498.0864289
0 1685608498.1119988
1 1685608498.1137614
1 1685608498.1508498
1 1685608498.214843
2 1685608498.2741222
2 1685608498.295203
2 1685608498.3090937
3 1685608498.4466677
3 1685608498.456272
3 1685608498.4614873
4 1685608498.5310822
4 1685608498.5311933
4 1685608498.532007
5 1685608498.5325623
5 1685608498.5326583
5 1685608498.5333195


t:  15


0 1685608498.6039636
0 1685608498.6040578
0 1685608498.6047826
1 1685608498.6538682
1 1685608498.6540046
1 1685608498.6844704
2 1685608498.6854784
2 1685608498.6856112
2 1685608498.7153978
3 1685608498.7160265
3 1685608498.7161195
3 1685608498.7166643
4 1685608498.7172766
4 1685608498.7248685
4 1685608498.7258034
5 1685608498.7263882
5 1685608498.726538
5 1685608498.728808


t:  16


0 1685608498.9363933
0 1685608498.9365065
0 1685608498.9655993
1 1685608498.9677665
1 1685608498.9680154
1 1685608498.969539
2 1685608498.9703398
2 1685608498.9869437
2 1685608499.0073462
3 1685608499.035296
3 1685608499.035426
3 1685608499.0362492
4 1685608499.150723
4 1685608499.1508474
4 1685608499.1515737
5 1685608499.1942785
5 1685608499.1978235
5 1685608499.1987498


t:  17


0 1685608499.3142319
0 1685608499.3143575
0 1685608499.3151588
1 1685608499.3433137
1 1685608499.343441
1 1685608499.344271
2 1685608499.3709488
2 1685608499.3712256
2 1685608499.3727815
3 1685608499.3739035
3 1685608499.3740108
3 1685608499.376654
4 1685608499.3771496
4 1685608499.377244
4 1685608499.3778145
5 1685608499.378269
5 1685608499.3783698
5 1685608499.378918


t:  18


0 1685608499.6899395
0 1685608499.6900525
0 1685608499.6908994
1 1685608499.7250755
1 1685608499.7253053
1 1685608499.7265873
2 1685608499.7272465
2 1685608499.7273438
2 1685608499.7322369
3 1685608499.7327766
3 1685608499.732871
3 1685608499.733509
4 1685608499.7484763
4 1685608499.7485971
4 1685608499.7496295
5 1685608499.7678711
5 1685608499.7680247
5 1685608499.7688096


t:  19


0 1685608499.7996993
0 1685608499.7998557
0 1685608499.8020823
1 1685608499.8028667
1 1685608499.8029861
1 1685608499.8340573
2 1685608499.8457985
2 1685608499.8459144
2 1685608499.8468475
3 1685608499.8477206
3 1685608499.8478296
3 1685608499.85224
4 1685608499.8527663
4 1685608499.8529031
4 1685608499.8539212
5 1685608499.8570063
5 1685608499.8572009
5 1685608499.8584986


t:  20


0 1685608499.943684
0 1685608499.9437876
0 1685608499.9455078
1 1685608499.946592
1 1685608499.9466884
1 1685608499.9480066
2 1685608499.9485335
2 1685608499.9486299
2 1685608499.9494698
3 1685608499.9551325
3 1685608499.9552317
3 1685608499.987658
4 1685608499.9883087
4 1685608499.9884183
4 1685608499.9894803
5 1685608500.0034635
5 1685608500.0036361
5 1685608500.0048084


t:  21


0 1685608500.1465082
0 1685608500.1466608
0 1685608500.1474695
1 1685608500.1658633
1 1685608500.1660917
1 1685608500.180862
2 1685608500.1884117
2 1685608500.188702
2 1685608500.2053742
3 1685608500.5078084
3 1685608500.6405249
3 1685608500.6413844
4 1685608500.6420395
4 1685608500.642201
4 1685608500.6429908
5 1685608500.6436687
5 1685608500.6730502
5 1685608500.674166


t:  22


0 1685608500.7694058
0 1685608500.806334
0 1685608500.807775
1 1685608500.810798
1 1685608500.810946
1 1685608500.8120148
2 1685608500.8131244
2 1685608500.8133688
2 1685608500.8525343
3 1685608500.9360018
3 1685608500.942368
3 1685608501.003866
4 1685608501.0222006
4 1685608501.0223355
4 1685608501.023341
5 1685608501.031786
5 1685608501.031925
5 1685608501.1319497


t:  23


0 1685608501.1973886
0 1685608501.1975234
0 1685608501.253466
1 1685608501.2548523
1 1685608501.2551093
1 1685608501.2567425
2 1685608501.3333576
2 1685608501.3516169
2 1685608501.3526154
3 1685608501.3556938
3 1685608501.3632128
3 1685608501.3650248
4 1685608501.379946
4 1685608501.380121
4 1685608501.3995335
5 1685608501.436996
5 1685608501.447407
5 1685608501.448831


t:  24


0 1685608501.5827713
0 1685608501.5846012
0 1685608501.609521
1 1685608501.6417327
1 1685608501.6698565
1 1685608501.670695
2 1685608501.6712904
2 1685608501.6843252
2 1685608501.6854994
3 1685608501.7172775
3 1685608501.7178333
3 1685608501.719119
4 1685608501.7204728
4 1685608501.7206447
4 1685608501.7225819
5 1685608501.8218012
5 1685608501.8219543
5 1685608501.8470163


t:  25


0 1685608501.929838
0 1685608501.9299347
0 1685608501.9306135
1 1685608501.931421
1 1685608501.9315085
1 1685608501.9321346
2 1685608501.9957485
2 1685608501.9958699
2 1685608501.9965916
3 1685608502.0362318
3 1685608502.036338
3 1685608502.177588
4 1685608502.1806839
4 1685608502.1808138
4 1685608502.1817157
5 1685608502.182945
5 1685608502.18655
5 1685608502.1932137


t:  26


0 1685608502.2533479
0 1685608502.2534566
0 1685608502.254255
1 1685608502.2763278
1 1685608502.276458
1 1685608502.2774258
2 1685608502.3556502
2 1685608502.356372
2 1685608502.3575144
3 1685608502.3582845
3 1685608502.3584528
3 1685608502.3591979
4 1685608502.385958
4 1685608502.3861303
4 1685608502.451275
5 1685608502.464237
5 1685608502.4643748
5 1685608502.497028


t:  27


0 1685608502.506362
0 1685608502.5064952
0 1685608502.5163975
1 1685608502.5187445
1 1685608502.5188916
1 1685608502.5209017
2 1685608502.521705
2 1685608502.521852
2 1685608502.548475
3 1685608502.5565522
3 1685608502.5567563
3 1685608502.6157768
4 1685608502.6164186
4 1685608502.6165218
4 1685608502.6171808
5 1685608502.6342604
5 1685608502.6343777
5 1685608502.658304


t:  28


0 1685608502.750379
0 1685608502.750531
0 1685608502.751349
1 1685608502.751942
1 1685608502.752299
1 1685608502.8178673
2 1685608502.819174
2 1685608502.8193288
2 1685608502.8202364
3 1685608502.8506937
3 1685608502.8508081
3 1685608502.8517911
4 1685608502.8539617
4 1685608502.8542314
4 1685608502.923962
5 1685608502.9249034
5 1685608502.925087
5 1685608502.9259074


t:  29


0 1685608503.3386333
0 1685608503.4347463
0 1685608503.436623
1 1685608503.4836364
1 1685608503.4891584
1 1685608503.4909658
2 1685608503.4972236
2 1685608503.540437
2 1685608503.5413072
3 1685608503.5425065
3 1685608503.5771472
3 1685608503.7186248
4 1685608503.7428682
4 1685608503.7429762
4 1685608503.7440856
5 1685608503.7446735
5 1685608503.7447867
5 1685608503.7454894


t:  30


0 1685608503.8455682
0 1685608503.8456864
0 1685608503.8763633
1 1685608503.8777993
1 1685608503.8779662
1 1685608503.8790896
2 1685608503.9549224
2 1685608503.9550383
2 1685608503.9562588
3 1685608503.959079
3 1685608503.9592183
3 1685608503.9627385
4 1685608503.96327
4 1685608503.963366
4 1685608503.964773
5 1685608504.0019834
5 1685608504.0021217
5 1685608504.0029254


t:  31


0 1685608504.0911176
0 1685608504.091284
0 1685608504.0921593
1 1685608504.093809
1 1685608504.0939257
1 1685608504.274431
2 1685608504.27516
2 1685608504.2753239
2 1685608504.3020618
3 1685608504.3027706
3 1685608504.3028884
3 1685608504.3035161
4 1685608504.3990054
4 1685608504.3991418
4 1685608504.4674642
5 1685608504.4842637
5 1685608504.4843597
5 1685608504.4857574


t:  32


0 1685608504.5520716
0 1685608504.5522242
0 1685608504.5531929
1 1685608504.5538988
1 1685608504.5540104
1 1685608504.5549107
2 1685608504.6967597
2 1685608504.696898
2 1685608504.6992712
3 1685608504.6998527
3 1685608504.6999831
3 1685608504.71506
4 1685608504.7602906
4 1685608504.760506
4 1685608504.7738614
5 1685608504.779753
5 1685608504.7798793
5 1685608504.7807946


t:  33


0 1685608504.8416967
0 1685608504.8418765
0 1685608504.8482788
1 1685608504.849417
1 1685608504.8697846
1 1685608504.8705604
2 1685608504.8723564
2 1685608504.8724577
2 1685608504.87315
3 1685608504.8736768
3 1685608504.8737655
3 1685608504.9319048
4 1685608504.9331307
4 1685608504.933345
4 1685608504.9353418
5 1685608504.936705
5 1685608504.936798
5 1685608504.9802368


t:  34


0 1685608505.5910814
0 1685608505.5912125
0 1685608505.7615786
1 1685608505.8272247
1 1685608505.8273804
1 1685608505.8287544
2 1685608505.8296607
2 1685608505.8298821
2 1685608505.8533385
3 1685608505.8583107
3 1685608505.85846
3 1685608505.8599644
4 1685608505.8611872
4 1685608505.8613615
4 1685608505.8910944
5 1685608505.89235
5 1685608505.8924985
5 1685608505.8936868


t:  35


0 1685608505.949153
0 1685608505.9492552
0 1685608506.0259924
1 1685608506.0268285
1 1685608506.0269938
1 1685608506.0277956
2 1685608506.029371
2 1685608506.0294774
2 1685608506.0861988
3 1685608506.2200587
3 1685608506.2202628
3 1685608506.2229586
4 1685608506.2238016
4 1685608506.2589018
4 1685608506.3049576
5 1685608506.3059416
5 1685608506.7016208
5 1685608506.8464642


t:  36


0 1685608506.8660913
0 1685608506.8662202
0 1685608506.8675268
1 1685608506.8680568
1 1685608506.87806
1 1685608506.8789105
2 1685608506.9293246
2 1685608507.1156313
2 1685608507.116544
3 1685608507.117229
3 1685608507.1225345
3 1685608507.1250725
4 1685608507.1294475
4 1685608507.1295872
4 1685608507.1699345
5 1685608507.1761537
5 1685608507.1917043
5 1685608507.1925864


t:  37


0 1685608507.2283914
0 1685608507.228487
0 1685608507.2348614
1 1685608507.235414
1 1685608507.2355437
1 1685608507.236146
2 1685608507.2445533
2 1685608507.2447922
2 1685608507.247394
3 1685608507.2482297
3 1685608507.2484002
3 1685608507.249428
4 1685608507.3268425
4 1685608507.345781
4 1685608507.3465862
5 1685608507.4098918
5 1685608507.4100237
5 1685608507.4119465


t:  38


0 1685608507.6438563
0 1685608507.6439857
0 1685608507.6446545
1 1685608507.6456952
1 1685608507.6457815
1 1685608507.6463156
2 1685608507.6471796
2 1685608507.6472638
2 1685608507.6478324
3 1685608507.6731966
3 1685608507.6734428
3 1685608507.675032
4 1685608507.7530801
4 1685608507.7532167
4 1685608507.7544427
5 1685608507.7554166
5 1685608507.7555525
5 1685608507.7567165


t:  39


0 1685608507.8568916
0 1685608507.8570106
0 1685608507.8912272
1 1685608507.8925047
1 1685608507.8926382
1 1685608507.8935716
2 1685608507.9222195
2 1685608507.9481034
2 1685608507.9491007
3 1685608507.9499426
3 1685608507.9500535
3 1685608507.9507926
4 1685608507.9517488
4 1685608507.9518838
4 1685608507.9528444
5 1685608507.9943514
5 1685608507.9944658
5 1685608507.997489


t:  40


0 1685608508.292261
0 1685608508.2923586
0 1685608508.293067
1 1685608508.2935436
1 1685608508.2936313
1 1685608508.2941668
2 1685608508.3327987
2 1685608508.3329017
2 1685608508.4189737
3 1685608508.4196994
3 1685608508.4198284
3 1685608508.4206438
4 1685608508.4691944
4 1685608508.4696276
4 1685608508.4703605
5 1685608508.4831834
5 1685608508.4832644
5 1685608508.4841437


t:  41


0 1685608508.6797779
0 1685608508.679969
0 1685608508.6808634
1 1685608508.6818836
1 1685608508.6820018
1 1685608508.6827044
2 1685608508.6835961
2 1685608508.6837234
2 1685608508.6871722
3 1685608508.6883647
3 1685608508.6884665
3 1685608508.8301659
4 1685608508.8323774
4 1685608508.8324919
4 1685608508.8332834
5 1685608508.8340597
5 1685608508.8342562
5 1685608508.834789


t:  42


0 1685608508.918022
0 1685608508.9181113
0 1685608508.919046
1 1685608509.0355444
1 1685608509.112003
1 1685608509.112876
2 1685608509.1152468
2 1685608509.1153512
2 1685608509.116975
3 1685608509.1576242
3 1685608509.1577659
3 1685608509.1592352
4 1685608509.1598215
4 1685608509.169017
4 1685608509.1793468
5 1685608509.2237594
5 1685608509.2239091
5 1685608509.2249198


t:  43


0 1685608509.5740561
0 1685608509.5741673
0 1685608509.5853534
1 1685608509.5858822
1 1685608509.585972
1 1685608509.5865104
2 1685608509.5993826
2 1685608509.599515
2 1685608509.6004453
3 1685608509.6009803
3 1685608509.6011038
3 1685608509.6690445
4 1685608509.732534
4 1685608509.7326536
4 1685608509.7336075
5 1685608509.783777
5 1685608509.7840097
5 1685608509.7854486


t:  44


0 1685608509.9757907
0 1685608509.9759305
0 1685608509.9886885
1 1685608509.989361
1 1685608509.9894564
1 1685608509.9901052
2 1685608509.991652
2 1685608509.9918342
2 1685608510.0861883
3 1685608510.1284695
3 1685608510.128597
3 1685608510.129549
4 1685608510.241809
4 1685608510.2419472
4 1685608510.2427
5 1685608510.2433789
5 1685608510.243489
5 1685608510.2441845


t:  45


0 1685608510.47082
0 1685608510.470982
0 1685608510.4734344
1 1685608510.6747184
1 1685608510.6814868
1 1685608510.6885717
2 1685608510.6894288
2 1685608510.6895823
2 1685608510.717759
3 1685608510.7883182
3 1685608510.7884836
3 1685608510.7894757
4 1685608510.8309636
4 1685608510.8362978
4 1685608510.8371289
5 1685608510.837788
5 1685608510.8378963
5 1685608510.8385797


t:  46


0 1685608511.1230943
0 1685608511.123363
0 1685608511.124396
1 1685608511.2207325
1 1685608511.2208438
1 1685608511.2215216
2 1685608511.2596126
2 1685608511.2598233
2 1685608511.2608094
3 1685608511.2616959
3 1685608511.327333
3 1685608511.328271
4 1685608511.329095
4 1685608511.41524
4 1685608511.4664083
5 1685608511.4671
5 1685608511.4672794
5 1685608511.4808278


t:  47


0 1685608511.7652483
0 1685608511.7654898
0 1685608511.7700071
1 1685608511.7724729
1 1685608511.7726805
1 1685608511.773716
2 1685608511.7774024
2 1685608511.7776217
2 1685608511.8567257
3 1685608511.8634276
3 1685608511.8864684
3 1685608511.9428546
4 1685608511.9952931
4 1685608511.9955163
4 1685608512.0564203
5 1685608512.05723
5 1685608512.0573366
5 1685608512.0580838


t:  48


0 1685608512.0882254
0 1685608512.1170745
0 1685608512.1184444
1 1685608512.119995
1 1685608512.1201062
1 1685608512.2265198
2 1685608512.2271183
2 1685608512.2273052
2 1685608512.2280464
3 1685608512.2617364
3 1685608512.2618454
3 1685608512.2632537
4 1685608512.2637792
4 1685608512.2639472
4 1685608512.2645526
5 1685608512.349836
5 1685608512.3551383
5 1685608512.3561187


t:  49


0 1685608512.4932458
0 1685608512.4933443
0 1685608512.5046136
1 1685608512.5052023
1 1685608512.505302
1 1685608512.5059273
2 1685608512.5937333
2 1685608512.6001592
2 1685608512.7162044
3 1685608512.717349
3 1685608512.717503
3 1685608512.721195
4 1685608512.7693377
4 1685608512.76947
4 1685608512.7702014
5 1685608512.7980824
5 1685608512.799144
5 1685608512.8171384


t:  50


0 1685608512.9331987
0 1685608512.9333465
0 1685608512.9343877
1 1685608512.935101
1 1685608512.9352088
1 1685608512.9358106
2 1685608512.9363472
2 1685608512.936454
2 1685608512.9370847
3 1685608512.9375336
3 1685608512.9376278
3 1685608512.9382715
4 1685608512.9387813
4 1685608512.9388885
4 1685608512.9395313
5 1685608513.0603878
5 1685608513.0604815
5 1685608513.067856


t:  51


0 1685608513.240608
0 1685608513.2407358
0 1685608513.241771
1 1685608513.2425508
1 1685608513.242663
1 1685608513.278422
2 1685608513.28084
2 1685608513.3678045
2 1685608513.3705907
3 1685608513.374776
3 1685608513.3749053
3 1685608513.4202995
4 1685608513.4299986
4 1685608513.4466386
4 1685608513.447828
5 1685608513.4486074
5 1685608513.4488137
5 1685608513.5629363


t:  52


0 1685608513.7606373
0 1685608513.7608182
0 1685608513.7618952
1 1685608513.7627285
1 1685608513.7628348
1 1685608513.7715366
2 1685608513.8932986
2 1685608513.8935578
2 1685608513.963918
3 1685608513.9650168
3 1685608513.9651651
3 1685608513.9661498
4 1685608514.1036544
4 1685608514.103891
4 1685608514.1100385
5 1685608514.1474626
5 1685608514.153117
5 1685608514.2288544


t:  53


0 1685608514.2426248
0 1685608514.2428424
0 1685608514.4963071
1 1685608514.497182
1 1685608514.4973364
1 1685608514.4982126
2 1685608514.5001998
2 1685608514.5003607
2 1685608514.6291764
3 1685608515.1777468
3 1685608515.232242
3 1685608515.2335508
4 1685608515.2343767
4 1685608515.2714105
4 1685608515.2724967
5 1685608515.2733786
5 1685608515.2735596
5 1685608515.3439121


t:  54


0 1685608515.485585
0 1685608515.5033338
0 1685608515.5042279
1 1685608515.5348606
1 1685608515.5352523
1 1685608515.5452857
2 1685608515.6451383
2 1685608515.6452756
2 1685608515.6460583
3 1685608515.6467528
3 1685608515.6468613
3 1685608515.647637
4 1685608515.6482027
4 1685608515.649139
4 1685608515.719401
5 1685608515.720695
5 1685608515.7208045
5 1685608515.81414


t:  55


0 1685608515.8426557
0 1685608515.8428426
0 1685608515.844287
1 1685608515.8583927
1 1685608515.858543
1 1685608515.8594203
2 1685608515.9641662
2 1685608516.0335815
2 1685608516.0350044
3 1685608516.0416622
3 1685608516.0418434
3 1685608516.042922
4 1685608516.1143525
4 1685608516.1144881
4 1685608516.1152632
5 1685608516.118281
5 1685608516.1189659
5 1685608516.119842


t:  56


0 1685608516.2522109
0 1685608516.2523258
0 1685608516.26594
1 1685608516.2668393
1 1685608516.3138165
1 1685608516.3148735
2 1685608516.3156672
2 1685608516.3158317
2 1685608516.3175669
3 1685608516.3253424
3 1685608516.325709
3 1685608516.3980725
4 1685608516.400174
4 1685608516.4004416
4 1685608516.4870672
5 1685608516.498897
5 1685608516.524694
5 1685608516.5282426


t:  57


0 1685608516.8436604
0 1685608516.843825
0 1685608516.8448396
1 1685608516.882027
1 1685608516.882205
1 1685608516.883095
2 1685608516.8838177
2 1685608516.884056
2 1685608516.8849638
3 1685608516.9182894
3 1685608516.9184432
3 1685608516.965969
4 1685608516.966791
4 1685608516.9669266
4 1685608516.9677167
5 1685608516.968514
5 1685608516.968626
5 1685608516.9692771


t:  58


0 1685608517.0984364
0 1685608517.098594
0 1685608517.0996175
1 1685608517.100416
1 1685608517.100572
1 1685608517.2287936
2 1685608517.229936
2 1685608517.230079
2 1685608517.2310667
3 1685608517.232733
3 1685608517.232896
3 1685608517.3005347
4 1685608517.3013208
4 1685608517.301464
4 1685608517.3027003
5 1685608517.3141418
5 1685608517.314377
5 1685608517.3155053


t:  59


0 1685608517.8648348
0 1685608517.9116204
0 1685608517.9744666
1 1685608518.1302125
1 1685608518.1303365
1 1685608518.1313138
2 1685608518.1321006
2 1685608518.1322045
2 1685608518.1329634
3 1685608518.1756222
3 1685608518.2627792
3 1685608518.3105342
4 1685608518.313574
4 1685608518.3631678
4 1685608518.3641193
5 1685608518.3649685
5 1685608518.365108
5 1685608518.3659341


t:  60


0 1685608518.3867753
0 1685608518.3868911
0 1685608518.387775
1 1685608518.3884282
1 1685608518.388539
1 1685608518.3892927
2 1685608518.3902588
2 1685608518.3903687
2 1685608518.4505768
3 1685608518.4513428
3 1685608518.451496
3 1685608518.4524636
4 1685608518.4531941
4 1685608518.453397
4 1685608518.575315
5 1685608518.6054025
5 1685608518.605526
5 1685608518.614592


t:  61


0 1685608518.7668386
0 1685608518.8115873
0 1685608518.8161218
1 1685608518.8168788
1 1685608518.8169913
1 1685608518.817767
2 1685608518.8460178
2 1685608518.8696673
2 1685608518.8872838
3 1685608518.9060142
3 1685608518.9063551
3 1685608519.0119247
4 1685608519.142183
4 1685608519.1996882
4 1685608519.2008631
5 1685608519.268529
5 1685608519.4440873
5 1685608519.4455204


t:  62


0 1685608519.5066848
0 1685608519.5068314
0 1685608519.5076156
1 1685608519.5083785
1 1685608519.5085657
1 1685608519.5093038
2 1685608519.5829916
2 1685608519.5830817
2 1685608519.5866673
3 1685608519.587852
3 1685608519.588073
3 1685608519.5889897
4 1685608519.640988
4 1685608519.6411688
4 1685608519.6543903
5 1685608519.680607
5 1685608519.693316
5 1685608519.696395


t:  63


0 1685608519.8569694
0 1685608519.857085
0 1685608519.8692439
1 1685608519.8700542
1 1685608519.870242
1 1685608519.8711634
2 1685608519.8721044
2 1685608519.8723028
2 1685608519.9202788
3 1685608519.9881847
3 1685608519.9883606
3 1685608519.9893932
4 1685608519.9901567
4 1685608519.9902966
4 1685608519.9912188
5 1685608520.0706215
5 1685608520.0707753
5 1685608520.071809


t:  64


0 1685608520.2412739
0 1685608520.2414985
0 1685608520.242827
1 1685608520.2637935
1 1685608520.2639706
1 1685608520.2739818
2 1685608520.2755885
2 1685608520.2758005
2 1685608520.2766602
3 1685608520.2773356
3 1685608520.2774484
3 1685608520.2784777
4 1685608520.299023
4 1685608520.3349319
4 1685608520.3416722
5 1685608520.3427782
5 1685608520.3430238
5 1685608520.3437407


t:  65


0 1685608520.550628
0 1685608520.5507758
0 1685608520.5519285
1 1685608520.5717387
1 1685608520.5719643
1 1685608520.6369226
2 1685608520.637683
2 1685608520.6378222
2 1685608520.638885
3 1685608520.6396956
3 1685608520.6398623
3 1685608520.8203082
4 1685608520.8215802
4 1685608520.8217833
4 1685608520.8646684
5 1685608520.991789
5 1685608520.9921274
5 1685608520.9931543


t:  66


0 1685608521.1965148
0 1685608521.1966717
0 1685608521.197819
1 1685608521.2120366
1 1685608521.2121673
1 1685608521.239785
2 1685608521.3001535
2 1685608521.3002913
2 1685608521.3011694
3 1685608521.305634
3 1685608521.3058524
3 1685608521.306825
4 1685608521.3620393
4 1685608521.362196
4 1685608521.364214
5 1685608521.3656986
5 1685608521.3658214
5 1685608521.4906502


t:  67


0 1685608522.0972514
0 1685608522.097404
0 1685608522.0989716
1 1685608522.1003828
1 1685608522.1006508
1 1685608522.1639874
2 1685608522.2237854
2 1685608522.2239902
2 1685608522.2254999
3 1685608522.2260625
3 1685608522.2261655
3 1685608522.2268488
4 1685608522.2275672
4 1685608522.2276769
4 1685608522.2285779
5 1685608522.284212
5 1685608522.2843075
5 1685608522.2852201


t:  68


0 1685608522.5645888
0 1685608522.5930536
0 1685608522.6098375
1 1685608522.8343234
1 1685608522.920255
1 1685608522.9218268
2 1685608522.9236176
2 1685608522.923835
2 1685608523.0104973
3 1685608523.0230963
3 1685608523.0233097
3 1685608523.0242672
4 1685608523.0256243
4 1685608523.1123126
4 1685608523.1132433
5 1685608523.1140058
5 1685608523.1141133
5 1685608523.2307546


t:  69


0 1685608523.6537132
0 1685608523.69842
0 1685608523.7694116
1 1685608523.7708864
1 1685608523.7712016
1 1685608523.7827084
2 1685608523.7860336
2 1685608523.862159
2 1685608523.8972979
3 1685608523.8980193
3 1685608523.9391854
3 1685608523.9409094
4 1685608524.0103421
4 1685608524.010523
4 1685608524.0136814
5 1685608524.0145907
5 1685608524.094764
5 1685608524.0956917


t:  70


0 1685608524.3071325
0 1685608524.3073633
0 1685608524.3083756
1 1685608524.3500743
1 1685608524.3505223
1 1685608524.3519862
2 1685608524.4083862
2 1685608524.408524
2 1685608524.4101865
3 1685608524.5226119
3 1685608524.57312
3 1685608524.5742712
4 1685608524.6811247
4 1685608524.681293
4 1685608524.6825778
5 1685608524.7160077
5 1685608524.7161632
5 1685608524.7169666


t:  71


0 1685608524.7842486
0 1685608524.7843645
0 1685608524.8015108
1 1685608524.8050952
1 1685608524.805272
1 1685608524.808237
2 1685608524.8240333
2 1685608524.8242352
2 1685608524.8250723
3 1685608524.832538
3 1685608524.8327012
3 1685608524.833618
4 1685608524.8367887
4 1685608524.846249
4 1685608524.8472667
5 1685608524.8680937
5 1685608524.8682725
5 1685608524.8695703


t:  72


0 1685608524.998595
0 1685608524.9987204
0 1685608525.182886
1 1685608525.1835287
1 1685608525.183638
1 1685608525.1859462
2 1685608525.1866498
2 1685608525.1867833
2 1685608525.1879022
3 1685608525.2093408
3 1685608525.2095613
3 1685608525.2110777
4 1685608525.212059
4 1685608525.2122295
4 1685608525.2453473
5 1685608525.2688317
5 1685608525.3749819
5 1685608525.389196


t:  73


0 1685608525.6809256
0 1685608525.6810675
0 1685608525.682114
1 1685608525.7663174
1 1685608526.02891
1 1685608526.0297623
2 1685608526.030533
2 1685608526.0306377
2 1685608526.0316548
3 1685608526.032732
3 1685608526.0328398
3 1685608526.0808563
4 1685608526.081916
4 1685608526.0820749
4 1685608526.0884862
5 1685608526.0896738
5 1685608526.141471
5 1685608526.1424391


t:  74


0 1685608526.241668
0 1685608526.242209
0 1685608526.312314
1 1685608526.3610506
1 1685608526.3852737
1 1685608526.4344485
2 1685608526.5719855
2 1685608526.572137
2 1685608526.5731874
3 1685608526.5738235
3 1685608526.574795
3 1685608526.6143556
4 1685608526.6151972
4 1685608526.615333
4 1685608526.6174307
5 1685608526.6748993
5 1685608526.7066803
5 1685608526.7093313


t:  75


0 1685608526.8447306
0 1685608526.8453689
0 1685608526.8464115
1 1685608526.8473828
1 1685608526.8475783
1 1685608526.896606
2 1685608526.9218817
2 1685608526.9220896
2 1685608526.9231925
3 1685608526.9242132
3 1685608526.9243557
3 1685608526.9251344
4 1685608526.9436052
4 1685608526.9437785
4 1685608526.9447987
5 1685608526.9699543
5 1685608526.9701052
5 1685608526.9708824


t:  76


0 1685608527.0763006
0 1685608527.0964017
0 1685608527.0973594
1 1685608527.0983422
1 1685608527.09848
1 1685608527.163844
2 1685608527.1776586
2 1685608527.1778553
2 1685608527.1786432
3 1685608527.1796715
3 1685608527.179805
3 1685608527.2329385
4 1685608527.2335808
4 1685608527.2337344
4 1685608527.2344835
5 1685608527.2351453
5 1685608527.2352479
5 1685608527.2363133


t:  77


0 1685608527.393265
0 1685608527.3934228
0 1685608527.3945403
1 1685608527.398931
1 1685608527.3990989
1 1685608527.4001207
2 1685608527.4037619
2 1685608527.404107
2 1685608527.4054234
3 1685608527.441852
3 1685608527.4420679
3 1685608527.574409
4 1685608527.575731
4 1685608527.5760484
4 1685608527.5840805
5 1685608527.5847654
5 1685608527.5848787
5 1685608527.585587


t:  78


0 1685608527.6080883
0 1685608527.6082032
0 1685608527.6093564
1 1685608527.6423755
1 1685608527.6425397
1 1685608527.6434987
2 1685608527.645416
2 1685608527.6571095
2 1685608527.6580462
3 1685608527.6929665
3 1685608527.6933768
3 1685608527.6999583
4 1685608527.7011683
4 1685608527.7014556
4 1685608527.7022717
5 1685608527.7407913
5 1685608527.7409527
5 1685608527.7419496


t:  79


0 1685608527.7749271
0 1685608527.7751021
0 1685608527.7762706
1 1685608527.778653
1 1685608527.7788396
1 1685608527.7800972
2 1685608527.8995876
2 1685608527.8997936
2 1685608527.9040558
3 1685608527.9696355
3 1685608527.9807591
3 1685608527.9816668
4 1685608527.982368
4 1685608527.9824793
4 1685608527.9833462
5 1685608527.9838343
5 1685608527.9840026
5 1685608528.13755


t:  80


0 1685608528.1644106
0 1685608528.16458
0 1685608528.2129564
1 1685608528.21486
1 1685608528.2153187
1 1685608528.2180874
2 1685608528.2189872
2 1685608528.2191155
2 1685608528.3244343
3 1685608528.3261757
3 1685608528.326369
3 1685608528.3291047
4 1685608528.3537204
4 1685608528.3538558
4 1685608528.3547626
5 1685608528.3553874
5 1685608528.3555293
5 1685608528.3633916


t:  81


0 1685608528.4397154
0 1685608528.4399464
0 1685608528.441237
1 1685608528.4425666
1 1685608528.4426973
1 1685608528.4861646
2 1685608528.4900584
2 1685608528.4902089
2 1685608528.4909961
3 1685608528.492831
3 1685608528.4930036
3 1685608528.4939325
4 1685608528.495988
4 1685608528.546674
4 1685608528.547563
5 1685608528.5489833
5 1685608528.6136665
5 1685608528.6156468


t:  82


0 1685608528.6503766
0 1685608528.6505022
0 1685608528.6512158
1 1685608528.6517253
1 1685608528.6518338
1 1685608528.6525164
2 1685608528.6529703
2 1685608528.6530764
2 1685608528.6973665
3 1685608528.7015665
3 1685608528.7016895
3 1685608528.745607
4 1685608528.7872868
4 1685608528.8133364
4 1685608528.8993485
5 1685608528.9011543
5 1685608528.901382
5 1685608528.9089131


t:  83


0 1685608528.9518344
0 1685608528.952181
0 1685608528.9929695
1 1685608528.9952688
1 1685608528.9957154
1 1685608529.0156627
2 1685608529.0387764
2 1685608529.0389438
2 1685608529.040209
3 1685608529.0409117
3 1685608529.0410905
3 1685608529.2551494
4 1685608529.3191028
4 1685608529.356942
4 1685608529.4342237
5 1685608529.4569163
5 1685608529.4571822
5 1685608529.5357556


t:  84


0 1685608530.027645
0 1685608530.027756
0 1685608530.080967
1 1685608530.0826824
1 1685608530.082883
1 1685608530.0841687
2 1685608530.1025052
2 1685608530.1395583
2 1685608530.1556823
3 1685608530.156709
3 1685608530.156832
3 1685608530.2681336
4 1685608530.2687802
4 1685608530.3543978
4 1685608530.355366
5 1685608530.5826838
5 1685608530.5828178
5 1685608530.647264


t:  85


0 1685608530.7572489
0 1685608530.757405
0 1685608530.7585902
1 1685608530.760252
1 1685608530.8384943
1 1685608530.8448482
2 1685608530.8454626
2 1685608530.8456404
2 1685608530.84633
3 1685608530.8470783
3 1685608530.8523636
3 1685608530.8537467
4 1685608530.8549137
4 1685608530.8550634
4 1685608530.8560636
5 1685608530.8567896
5 1685608530.8569007
5 1685608530.8576434


t:  86


0 1685608530.9587345
0 1685608530.9589016
0 1685608530.960019
1 1685608530.9607866
1 1685608530.9609113
1 1685608531.046542
2 1685608531.2972102
2 1685608531.3373282
2 1685608531.3729863
3 1685608531.4162588
3 1685608531.520319
3 1685608531.5734332
4 1685608531.6132598
4 1685608531.6349673
4 1685608531.643183
5 1685608531.6670232
5 1685608531.8408015
5 1685608531.8423393


t:  87


0 1685608532.3930397
0 1685608532.410433
0 1685608532.4204948
1 1685608532.5293806
1 1685608532.5404167
1 1685608532.541857
2 1685608532.5665214
2 1685608532.5850086
2 1685608532.6468623
3 1685608532.6925836
3 1685608532.7006433
3 1685608532.7526755
4 1685608532.8746805
4 1685608532.910608
4 1685608532.9131556
5 1685608532.9276893
5 1685608532.957786
5 1685608532.9609232


t:  88


0 1685608533.0353682
0 1685608533.0356076
0 1685608533.044201
1 1685608533.0456812
1 1685608533.0458202
1 1685608533.046707
2 1685608533.0875375
2 1685608533.096364
2 1685608533.0973985
3 1685608533.0986016
3 1685608533.1128852
3 1685608533.1321871
4 1685608533.143406
4 1685608533.2513778
4 1685608533.2528841
5 1685608533.257854
5 1685608533.258066
5 1685608533.2588608


t:  89


0 1685608533.3413334
0 1685608533.3414505
0 1685608533.3424807
1 1685608533.3430977
1 1685608533.3432677
1 1685608533.3482213
2 1685608533.3540585
2 1685608533.3542008
2 1685608533.356
3 1685608533.4331646
3 1685608533.4474568
3 1685608533.4581163
4 1685608533.4589417
4 1685608533.4590747
4 1685608533.4627538
5 1685608533.4638712
5 1685608533.4641025
5 1685608533.464855


t:  90


0 1685608533.6544883
0 1685608533.6546264
0 1685608533.6558042
1 1685608533.6630366
1 1685608533.6648366
1 1685608533.6659405
2 1685608533.6666875
2 1685608533.666839
2 1685608533.6675239
3 1685608533.6732798
3 1685608533.673393
3 1685608533.6741881
4 1685608533.7229424
4 1685608533.723065
4 1685608533.7238433
5 1685608533.7363625
5 1685608533.7364945
5 1685608533.7376978


t:  91


0 1685608533.7683387
0 1685608533.7684531
0 1685608533.7691975
1 1685608533.7698
1 1685608533.769904
1 1685608533.7708552
2 1685608533.7799463
2 1685608533.7801735
2 1685608533.7817175
3 1685608533.783125
3 1685608533.7832713
3 1685608533.7891254
4 1685608533.7927356
4 1685608533.8092651
4 1685608533.812085
5 1685608533.81405
5 1685608533.8142204
5 1685608533.815425


t:  92


0 1685608533.9492075
0 1685608533.9493573
0 1685608533.950344
1 1685608533.9511292
1 1685608533.9513087
1 1685608534.0682554
2 1685608534.0690188
2 1685608534.069198
2 1685608534.0702436
3 1685608534.071114
3 1685608534.071218
3 1685608534.1102974
4 1685608534.1487281
4 1685608534.148938
4 1685608534.3605757
5 1685608534.3617222
5 1685608534.3618364
5 1685608534.426813


t:  93


0 1685608534.7877617
0 1685608534.787999
0 1685608534.7889931
1 1685608534.789806
1 1685608534.7899413
1 1685608534.8807685
2 1685608534.8819997
2 1685608534.9259164
2 1685608534.9288092
3 1685608534.9322333
3 1685608534.9941068
3 1685608535.0364938
4 1685608535.0372612
4 1685608535.0374262
4 1685608535.0907774
5 1685608535.0924351
5 1685608535.0926034
5 1685608535.0945802


t:  94


0 1685608535.287514
0 1685608535.2876718
0 1685608535.2887213
1 1685608535.2901297
1 1685608535.2902744
1 1685608535.4031453
2 1685608535.4656084
2 1685608535.465807
2 1685608535.4668329
3 1685608535.4676423
3 1685608535.467799
3 1685608535.4685857
4 1685608535.4842288
4 1685608535.4845114
4 1685608535.4878733
5 1685608535.5361195
5 1685608535.536298
5 1685608535.537473


t:  95


0 1685608535.5869877
0 1685608535.5871224
0 1685608535.5881326
1 1685608535.617573
1 1685608535.6519969
1 1685608535.6529796
2 1685608535.6538978
2 1685608535.6540296
2 1685608535.655008
3 1685608535.7929666
3 1685608535.7931416
3 1685608535.7945929
4 1685608535.7954547
4 1685608535.795582
4 1685608535.7975578
5 1685608535.7984498
5 1685608535.7985606
5 1685608535.8239229


t:  96


0 1685608535.861297
0 1685608535.861546
0 1685608535.8727796
1 1685608535.876385
1 1685608535.876574
1 1685608535.9131663
2 1685608535.913795
2 1685608535.9139073
2 1685608535.9146783
3 1685608535.9425073
3 1685608535.942668
3 1685608535.9435344
4 1685608535.9442778
4 1685608535.9443846
4 1685608536.0381894
5 1685608536.0390697
5 1685608536.0392609
5 1685608536.0874147


t:  97


0 1685608536.4243846
0 1685608536.5069995
0 1685608536.5079865
1 1685608536.5162358
1 1685608536.5768988
1 1685608536.6046283
2 1685608536.6133955
2 1685608536.6136293
2 1685608536.6148503
3 1685608536.615763
3 1685608536.6504807
3 1685608536.6572134
4 1685608536.6757343
4 1685608536.7180393
4 1685608536.7196975
5 1685608536.76794
5 1685608536.7682045
5 1685608536.7695575


t:  98


0 1685608536.8353364
0 1685608536.8355215
0 1685608536.8367782
1 1685608536.8375971
1 1685608536.8377745
1 1685608536.8391912
2 1685608536.892333
2 1685608536.8924675
2 1685608536.8940089
3 1685608536.8982735
3 1685608536.898441
3 1685608536.9830682
4 1685608536.983831
4 1685608536.9840033
4 1685608537.0182788
5 1685608537.033223
5 1685608537.0334077
5 1685608537.0346477


t:  99


0 1685608537.0816548
0 1685608537.0818782
0 1685608537.083136
1 1685608537.1067467
1 1685608537.1069515
1 1685608537.1342208
2 1685608537.1658113
2 1685608537.1660552
2 1685608537.2166924
3 1685608537.217299
3 1685608537.2174091
3 1685608537.2182288
4 1685608537.2188737
4 1685608537.21903
4 1685608537.2407122
5 1685608537.2656732
5 1685608537.2684264
5 1685608537.2695284
done
(base) ]0;steven@steven-VirtualBox: ~/catkin_ws/src/controller_py/src[01;32msteven@steven-VirtualBox[00m:[01;34m~/catkin_ws/src/controller_py/src[00m$ exit
exit

Script done on 2023-06-01 10:35:44+02:00 [COMMAND_EXIT_CODE="0"]
