t:  0


0 1685608676.051767
0 1685608676.0519903
0 1685608676.072874
1 1685608676.0731804
1 1685608676.0732946
1 1685608676.074062
2 1685608676.074252
2 1685608676.074348
2 1685608676.1029758
3 1685608676.1032276
3 1685608676.103345
3 1685608676.1939633
4 1685608676.1950076
4 1685608676.1952276
4 1685608676.2000487
5 1685608676.372808
5 1685608676.3782907
5 1685608676.3848073


t:  1


0 1685608676.5341969
0 1685608676.534417
0 1685608676.6444614
1 1685608676.6453817
1 1685608676.645495
1 1685608676.7326233
2 1685608676.7337263
2 1685608676.7338655
2 1685608676.7359266
3 1685608676.7361095
3 1685608676.7362158
3 1685608676.7369978
4 1685608676.7371707
4 1685608676.7372766
4 1685608676.7383904
5 1685608676.852325
5 1685608676.852588
5 1685608676.8909202


t:  2


0 1685608677.2071488
0 1685608677.3455424
0 1685608677.3465657
1 1685608677.3473654
1 1685608677.347507
1 1685608677.3487167
2 1685608677.4613116
2 1685608677.4614558
2 1685608677.5718896
3 1685608677.5730107
3 1685608677.573215
3 1685608677.5748775
4 1685608677.6694443
4 1685608677.6696148
4 1685608677.8771136
5 1685608677.8886776
5 1685608677.8888013
5 1685608677.889987


t:  3


0 1685608677.9864576
0 1685608677.9865975
0 1685608677.988939
1 1685608678.011431
1 1685608678.0115812
1 1685608678.012851
2 1685608678.0144632
2 1685608678.0146213
2 1685608678.144568
3 1685608678.1477036
3 1685608678.147838
3 1685608678.1486366
4 1685608678.1492555
4 1685608678.1494393
4 1685608678.1831007
5 1685608678.1840785
5 1685608678.1841912
5 1685608678.1848884


t:  4


0 1685608678.2207534
0 1685608678.220921
0 1685608678.2231908
1 1685608678.2238405
1 1685608678.223982
1 1685608678.224691
2 1685608678.2262053
2 1685608678.2263296
2 1685608678.227759
3 1685608678.270807
3 1685608678.271117
3 1685608678.2723796
4 1685608678.273067
4 1685608678.2731893
4 1685608678.2739506
5 1685608678.2958417
5 1685608678.2961104
5 1685608678.297482


t:  5


0 1685608678.3097613
0 1685608678.309892
0 1685608678.3122394
1 1685608678.3137167
1 1685608678.3138905
1 1685608678.3439734
2 1685608678.3448596
2 1685608678.344986
2 1685608678.3458266
3 1685608678.3468566
3 1685608678.3470712
3 1685608678.3501468
4 1685608678.351407
4 1685608678.351849
4 1685608678.3533359
5 1685608678.3542356
5 1685608678.354388
5 1685608678.4015415


t:  6


0 1685608678.4260092
0 1685608678.4261355
0 1685608678.4663215
1 1685608678.4669502
1 1685608678.4670706
1 1685608678.467793
2 1685608678.4699152
2 1685608678.4701579
2 1685608678.4717307
3 1685608678.4727514
3 1685608678.4729602
3 1685608678.4738836
4 1685608678.4851491
4 1685608678.485301
4 1685608678.5151339
5 1685608678.516229
5 1685608678.5163434
5 1685608678.517142


t:  7


0 1685608678.6090531
0 1685608678.609219
0 1685608678.610038
1 1685608678.6126797
1 1685608678.6128657
1 1685608678.6141207
2 1685608678.6151545
2 1685608678.6153264
2 1685608678.61708
3 1685608678.618185
3 1685608678.6183088
3 1685608678.6192043
4 1685608678.620237
4 1685608678.6204543
4 1685608678.6252532
5 1685608678.6705673
5 1685608678.6709237
5 1685608678.6751003


t:  8


0 1685608678.946281
0 1685608678.9464133
0 1685608678.9473104
1 1685608678.9483314
1 1685608678.9484391
1 1685608679.0715039
2 1685608679.1918645
2 1685608679.2359185
2 1685608679.24459
3 1685608679.245102
3 1685608679.2452066
3 1685608679.245829
4 1685608679.2463393
4 1685608679.246444
4 1685608679.2470775
5 1685608679.2476923
5 1685608679.3059711
5 1685608679.3244994


t:  9


0 1685608679.443449
0 1685608679.4436016
0 1685608679.6372972
1 1685608679.6574326
1 1685608679.6576447
1 1685608679.6585927
2 1685608679.7338908
2 1685608679.8012683
2 1685608679.8037987
3 1685608679.8047106
3 1685608679.8049593
3 1685608679.8065064
4 1685608679.8073413
4 1685608679.8666167
4 1685608679.868504
5 1685608679.8749752
5 1685608679.875202
5 1685608679.8786478


t:  10


0 1685608679.958526
0 1685608679.9586592
0 1685608679.9607978
1 1685608680.003752
1 1685608680.0040064
1 1685608680.0076826
2 1685608680.0269818
2 1685608680.0271118
2 1685608680.0279517
3 1685608680.029005
3 1685608680.029177
3 1685608680.0298977
4 1685608680.0757143
4 1685608680.0758648
4 1685608680.0769877
5 1685608680.0781138
5 1685608680.0782573
5 1685608680.0789392


t:  11


0 1685608680.1382523
0 1685608680.1611907
0 1685608680.1627026
1 1685608680.1636539
1 1685608680.1638367
1 1685608680.1653063
2 1685608680.2914214
2 1685608680.2916157
2 1685608680.292726
3 1685608680.2937336
3 1685608680.2940528
3 1685608680.3372796
4 1685608680.40829
4 1685608680.408466
4 1685608680.4092705
5 1685608680.4099205
5 1685608680.4100764
5 1685608680.4107597


t:  12


0 1685608680.4813075
0 1685608680.4814296
0 1685608680.4825504
1 1685608680.4841695
1 1685608680.484321
1 1685608680.5251133
2 1685608680.5263906
2 1685608680.5265446
2 1685608680.5273442
3 1685608680.5285094
3 1685608680.528634
3 1685608680.556959
4 1685608680.89334
4 1685608680.8935657
4 1685608680.8950481
5 1685608680.9789832
5 1685608680.9792852
5 1685608681.0527112


t:  13


0 1685608681.3094947
0 1685608681.3096976
0 1685608681.310732
1 1685608681.381928
1 1685608681.382101
1 1685608681.383105
2 1685608681.5260847
2 1685608681.5502362
2 1685608681.551717
3 1685608681.553728
3 1685608681.6829243
3 1685608681.6837246
4 1685608681.6849332
4 1685608681.685043
4 1685608681.687776
5 1685608681.693762
5 1685608681.693933
5 1685608681.6948373


t:  14


0 1685608681.9164
0 1685608681.916535
0 1685608682.1973095
1 1685608682.2033567
1 1685608682.2174726
1 1685608682.2186387
2 1685608682.2198577
2 1685608682.3162894
2 1685608682.317463
3 1685608682.3182135
3 1685608682.318358
3 1685608682.353427
4 1685608682.3606942
4 1685608682.3608875
4 1685608682.3619053
5 1685608682.4351764
5 1685608682.435387
5 1685608682.4419246


t:  15


0 1685608682.854835
0 1685608682.8549504
0 1685608682.8559701
1 1685608683.0403678
1 1685608683.0406008
1 1685608683.0417106
2 1685608683.0425844
2 1685608683.0429885
2 1685608683.0732827
3 1685608683.0740476
3 1685608683.0741658
3 1685608683.0749686
4 1685608683.0803888
4 1685608683.0805461
4 1685608683.2445745
5 1685608683.2455392
5 1685608683.2457333
5 1685608683.2654846


t:  16


0 1685608683.2947655
0 1685608683.294959
0 1685608683.296379
1 1685608683.396934
1 1685608683.3974345
1 1685608683.4620562
2 1685608683.485218
2 1685608683.5926137
2 1685608683.6781728
3 1685608683.7715583
3 1685608683.8463867
3 1685608683.8501287
4 1685608683.8509908
4 1685608683.8511748
4 1685608683.8518498
5 1685608683.9393077
5 1685608683.944881
5 1685608683.968599


t:  17


0 1685608684.2617295
0 1685608684.2618465
0 1685608684.3034904
1 1685608684.3042347
1 1685608684.3043466
1 1685608684.305635
2 1685608684.3527486
2 1685608684.3529139
2 1685608684.3539352
3 1685608684.4597304
3 1685608684.4947886
3 1685608684.5983684
4 1685608684.600401
4 1685608684.6383412
4 1685608684.6419463
5 1685608684.643863
5 1685608684.7424622
5 1685608684.759858


t:  18


0 1685608684.8560386
0 1685608684.8561878
0 1685608684.857721
1 1685608684.858349
1 1685608684.8585718
1 1685608684.8594062
2 1685608684.8612142
2 1685608684.871458
2 1685608684.872308
3 1685608684.978226
3 1685608684.9784184
3 1685608684.9792953
4 1685608684.9812129
4 1685608684.9813197
4 1685608685.0872157
5 1685608685.115594
5 1685608685.1224697
5 1685608685.124191


t:  19


0 1685608685.4136634
0 1685608685.4138262
0 1685608685.4148812
1 1685608685.420714
1 1685608685.4209754
1 1685608685.4224834
2 1685608685.423411
2 1685608685.423567
2 1685608685.48251
3 1685608685.5214562
3 1685608685.5217075
3 1685608685.5232418
4 1685608685.5246606
4 1685608685.5248299
4 1685608685.5261402
5 1685608685.639783
5 1685608685.6400473
5 1685608685.6409023


t:  20


0 1685608685.7484555
0 1685608685.748587
0 1685608685.7496862
1 1685608685.75065
1 1685608685.822103
1 1685608685.824369
2 1685608685.8253493
2 1685608685.8255646
2 1685608685.8277512
3 1685608685.8494349
3 1685608685.8495634
3 1685608685.8503368
4 1685608685.8508787
4 1685608685.8509848
4 1685608685.8523948
5 1685608685.9337249
5 1685608685.9338944
5 1685608685.9375987


t:  21


0 1685608686.0244153
0 1685608686.02459
0 1685608686.1224074
1 1685608686.123083
1 1685608686.123199
1 1685608686.124
2 1685608686.125659
2 1685608686.1257677
2 1685608686.1264699
3 1685608686.1728065
3 1685608686.1729445
3 1685608686.1760726
4 1685608686.1767519
4 1685608686.1768584
4 1685608686.177611
5 1685608686.198634
5 1685608686.1989143
5 1685608686.2146924


t:  22


0 1685608686.3944046
0 1685608686.3946722
0 1685608686.5473943
1 1685608686.7281804
1 1685608686.728383
1 1685608686.7293975
2 1685608686.7302818
2 1685608686.7304611
2 1685608686.805483
3 1685608686.8060288
3 1685608686.8061392
3 1685608686.8067951
4 1685608686.8072376
4 1685608686.8073385
4 1685608686.8082228
5 1685608686.8626812
5 1685608686.862836
5 1685608686.881033


t:  23


0 1685608686.9418988
0 1685608686.942017
0 1685608686.942814
1 1685608686.9710395
1 1685608686.971196
1 1685608686.974421
2 1685608686.9783967
2 1685608686.978542
2 1685608687.1782517
3 1685608687.1792755
3 1685608687.1794937
3 1685608687.1803892
4 1685608687.2901196
4 1685608687.2903247
4 1685608687.291688
5 1685608687.2932916
5 1685608687.3376107
5 1685608687.3417544


t:  24


0 1685608687.353066
0 1685608687.3532264
0 1685608687.3696828
1 1685608687.3704684
1 1685608687.428851
1 1685608687.5127316
2 1685608687.5146358
2 1685608687.5147798
2 1685608687.5158029
3 1685608687.547929
3 1685608687.5480592
3 1685608687.5489233
4 1685608687.6839678
4 1685608687.748132
4 1685608687.748989
5 1685608687.7506173
5 1685608687.7507598
5 1685608687.752412


t:  25


0 1685608688.0824091
0 1685608688.0826228
0 1685608688.132639
1 1685608688.133461
1 1685608688.1336374
1 1685608688.1345227
2 1685608688.1535308
2 1685608688.246818
2 1685608688.248127
3 1685608688.2492123
3 1685608688.3001673
3 1685608688.3010375
4 1685608688.301535
4 1685608688.301668
4 1685608688.302305
5 1685608688.3028226
5 1685608688.303002
5 1685608688.3036203


t:  26


0 1685608688.5438392
0 1685608688.5472536
0 1685608688.5489097
1 1685608688.7732825
1 1685608688.7735949
1 1685608688.855743
2 1685608688.8589437
2 1685608688.859105
2 1685608688.8598528
3 1685608688.8604233
3 1685608688.8605776
3 1685608688.8614287
4 1685608688.862017
4 1685608688.8621607
4 1685608688.866525
5 1685608688.9145615
5 1685608688.9225311
5 1685608688.960062


t:  27


0 1685608689.326483
0 1685608689.3326564
0 1685608689.3651676
1 1685608689.3851297
1 1685608689.401089
1 1685608689.495052
2 1685608689.797365
2 1685608689.7975137
2 1685608689.7985666
3 1685608689.799461
3 1685608689.7996585
3 1685608689.8008645
4 1685608689.9147682
4 1685608690.0815938
4 1685608690.0827472
5 1685608690.0840816
5 1685608690.0842807
5 1685608690.085196


t:  28


0 1685608690.292273
0 1685608690.2924216
0 1685608690.2933435
1 1685608690.306791
1 1685608690.3069904
1 1685608690.4494011
2 1685608690.4504325
2 1685608690.4505737
2 1685608690.4523654
3 1685608690.5610862
3 1685608690.561269
3 1685608690.5621605
4 1685608690.5630398
4 1685608690.5631719
4 1685608690.580355
5 1685608690.6080236
5 1685608690.6081986
5 1685608690.6093683


t:  29


0 1685608690.8006144
0 1685608690.8007662
0 1685608690.8018854
1 1685608690.8027833
1 1685608690.8029962
1 1685608690.8596213
2 1685608690.8605185
2 1685608690.8606958
2 1685608690.8817875
3 1685608690.9042757
3 1685608690.9045386
3 1685608690.9058788
4 1685608690.9067767
4 1685608690.9069579
4 1685608690.9678662
5 1685608690.9687374
5 1685608690.9688728
5 1685608690.969786


t:  30


0 1685608691.2312398
0 1685608691.2314842
0 1685608691.2328322
1 1685608691.3335829
1 1685608691.333725
1 1685608691.4683006
2 1685608691.469904
2 1685608691.5343451
2 1685608691.5355937
3 1685608691.5369477
3 1685608691.5373514
3 1685608691.630739
4 1685608691.6321192
4 1685608691.632304
4 1685608691.6333122
5 1685608691.6839771
5 1685608691.6843503
5 1685608691.686062


t:  31


0 1685608691.8420331
0 1685608691.8422177
0 1685608691.8435874
1 1685608691.8442242
1 1685608691.9117918
1 1685608691.9791882
2 1685608691.9802444
2 1685608691.9803736
2 1685608692.0084023
3 1685608692.0346832
3 1685608692.0348587
3 1685608692.035739
4 1685608692.0368588
4 1685608692.0370154
4 1685608692.1182246
5 1685608692.1191046
5 1685608692.119274
5 1685608692.121669


t:  32


0 1685608692.3893404
0 1685608692.3895223
0 1685608692.3907695
1 1685608692.3916721
1 1685608692.3918638
1 1685608692.4453473
2 1685608692.446902
2 1685608692.4472759
2 1685608692.4483607
3 1685608692.4493208
3 1685608692.4495025
3 1685608692.4503288
4 1685608692.4745493
4 1685608692.6261737
4 1685608692.6270251
5 1685608692.6277974
5 1685608692.6279728
5 1685608692.6287081


t:  33


0 1685608692.9281063
0 1685608692.9284046
0 1685608692.92968
1 1685608692.9699352
1 1685608692.9701302
1 1685608692.9724839
2 1685608693.012953
2 1685608693.0131276
2 1685608693.0142713
3 1685608693.0151844
3 1685608693.0163848
3 1685608693.0409238
4 1685608693.1122427
4 1685608693.1343124
4 1685608693.1352966
5 1685608693.1366162
5 1685608693.2227511
5 1685608693.2244136


t:  34


0 1685608693.399703
0 1685608693.3999288
0 1685608693.4009852
1 1685608693.4459097
1 1685608693.4461248
1 1685608693.4474778
2 1685608693.4500177
2 1685608693.4501677
2 1685608693.5092864
3 1685608693.5106661
3 1685608693.6661272
3 1685608693.6678088
4 1685608693.6691868
4 1685608693.6693559
4 1685608693.681664
5 1685608693.7610154
5 1685608693.7612455
5 1685608693.7623467


t:  35


0 1685608694.0393777
0 1685608694.05653
0 1685608694.058021
1 1685608694.0608537
1 1685608694.0612001
1 1685608694.0845227
2 1685608694.2979727
2 1685608694.2982843
2 1685608694.2992327
3 1685608694.3003082
3 1685608694.3004272
3 1685608694.3011315
4 1685608694.3016806
4 1685608694.3018398
4 1685608694.3025968
5 1685608694.3032093
5 1685608694.3034027
5 1685608694.356568


t:  36


0 1685608694.4382794
0 1685608694.43845
0 1685608694.4400587
1 1685608694.441886
1 1685608694.5135763
1 1685608694.6906831
2 1685608694.870374
2 1685608694.8705232
2 1685608694.8765922
3 1685608694.8794675
3 1685608694.8796437
3 1685608694.890954
4 1685608694.89226
4 1685608694.8924384
4 1685608694.8934112
5 1685608694.9631953
5 1685608695.1983075
5 1685608695.1997337


t:  37


0 1685608695.3932083
0 1685608695.3933735
0 1685608695.39467
1 1685608695.4085443
1 1685608695.4086876
1 1685608695.4096549
2 1685608695.4990578
2 1685608695.4992356
2 1685608695.5007493
3 1685608695.5014935
3 1685608695.501621
3 1685608695.5031924
4 1685608695.5368028
4 1685608695.5369759
4 1685608695.5380378
5 1685608695.5391762
5 1685608695.5393088
5 1685608695.5654175


t:  38


0 1685608695.6361716
0 1685608695.6363761
0 1685608695.637942
1 1685608695.639241
1 1685608695.6393979
1 1685608695.70303
2 1685608695.7037776
2 1685608695.7039483
2 1685608695.704706
3 1685608695.705464
3 1685608695.7057493
3 1685608695.7064674
4 1685608695.9654005
4 1685608695.965577
4 1685608695.9665272
5 1685608695.9684007
5 1685608695.9685774
5 1685608695.969543


t:  39


0 1685608696.291762
0 1685608696.2920659
0 1685608696.309989
1 1685608696.388935
1 1685608696.4533293
1 1685608696.4987073
2 1685608696.551203
2 1685608696.5514007
2 1685608696.5522718
3 1685608696.5811923
3 1685608696.6056793
3 1685608696.7617958
4 1685608696.7626038
4 1685608696.767647
4 1685608696.782429
5 1685608696.8143518
5 1685608696.814541
5 1685608696.8155549


t:  40


0 1685608696.951717
0 1685608696.952046
0 1685608696.9555273
1 1685608696.9887927
1 1685608696.9890807
1 1685608696.9910715
2 1685608697.096484
2 1685608697.0967314
2 1685608697.0991576
3 1685608697.1003633
3 1685608697.100607
3 1685608697.1679485
4 1685608697.2283924
4 1685608697.2285802
4 1685608697.2321289
5 1685608697.2347293
5 1685608697.2349277
5 1685608697.2752461


t:  41


0 1685608697.3394923
0 1685608697.3397415
0 1685608697.4032824
1 1685608697.4526665
1 1685608697.4529252
1 1685608697.4548593
2 1685608697.5755494
2 1685608697.5757658
2 1685608697.577333
3 1685608697.584062
3 1685608697.595698
3 1685608697.5968242
4 1685608697.6419523
4 1685608697.64219
4 1685608697.6711104
5 1685608697.723851
5 1685608697.755917
5 1685608697.9511957


t:  42


0 1685608698.0191057
0 1685608698.0193121
0 1685608698.0243838
1 1685608698.224656
1 1685608698.325572
1 1685608698.4129446
2 1685608698.516517
2 1685608698.5681202
2 1685608698.641252
3 1685608698.6693685
3 1685608698.769114
3 1685608698.923481
4 1685608699.2839756
4 1685608699.2927854
4 1685608699.3055322
5 1685608699.3664882
5 1685608699.3667948
5 1685608699.3686872


t:  43


0 1685608699.4347565
0 1685608699.435092
0 1685608699.437985
1 1685608699.494116
1 1685608699.4943588
1 1685608699.4955986
2 1685608699.57893
2 1685608699.579248
2 1685608699.7357204
3 1685608699.737071
3 1685608699.7372818
3 1685608699.8619022
4 1685608699.9357
4 1685608699.9360929
4 1685608699.93755
5 1685608700.0677326
5 1685608700.0686638
5 1685608700.0703788


t:  44


0 1685608700.1585526
0 1685608700.2622817
0 1685608700.2634785
1 1685608700.3111737
1 1685608700.3113894
1 1685608700.425527
2 1685608700.4832685
2 1685608700.615659
2 1685608700.6644018
3 1685608700.7388995
3 1685608700.7390976
3 1685608700.740655
4 1685608700.7501023
4 1685608700.750295
4 1685608700.8423302
5 1685608700.8500164
5 1685608700.8502045
5 1685608700.8513656


t:  45


0 1685608700.9347906
0 1685608700.9349623
0 1685608700.9362757
1 1685608700.9674375
1 1685608700.9814713
1 1685608700.9828377
2 1685608701.0329738
2 1685608701.0332677
2 1685608701.048663
3 1685608701.1189961
3 1685608701.1430893
3 1685608701.1646912
4 1685608701.2041652
4 1685608701.2421234
4 1685608701.2608767
5 1685608701.268737
5 1685608701.2790236
5 1685608701.280218


t:  46


0 1685608701.363645
0 1685608701.4660099
0 1685608701.4671633
1 1685608701.4679432
1 1685608701.468097
1 1685608701.469348
2 1685608701.51212
2 1685608701.5188146
2 1685608701.5597048
3 1685608701.5619977
3 1685608701.5860686
3 1685608701.7589574
4 1685608701.7599828
4 1685608701.7601159
4 1685608701.793973
5 1685608701.7949266
5 1685608701.7951021
5 1685608701.7961063


t:  47


0 1685608701.909301
0 1685608701.9354832
0 1685608701.9370835
1 1685608701.9532638
1 1685608702.0565782
1 1685608702.057682
2 1685608702.0592577
2 1685608702.0594964
2 1685608702.1009777
3 1685608702.1168802
3 1685608702.1584387
3 1685608702.2677584
4 1685608702.2859848
4 1685608702.301982
4 1685608702.309197
5 1685608702.376766
5 1685608702.3769834
5 1685608702.3780265


t:  48


0 1685608702.5282955
0 1685608702.52849
0 1685608702.6773522
1 1685608702.6785533
1 1685608702.6787488
1 1685608702.679737
2 1685608702.7330399
2 1685608702.7332509
2 1685608702.804857
3 1685608702.8151157
3 1685608702.8153641
3 1685608702.8916724
4 1685608703.0122097
4 1685608703.012386
4 1685608703.0137258
5 1685608703.0149739
5 1685608703.0151813
5 1685608703.0172956


t:  49


0 1685608703.3529541
0 1685608703.3531258
0 1685608703.3546395
1 1685608703.518845
1 1685608703.5190704
1 1685608703.5292187
2 1685608703.5302122
2 1685608703.5669744
2 1685608703.5681872
3 1685608703.5720348
3 1685608703.636862
3 1685608703.6402078
4 1685608703.6633778
4 1685608703.6635835
4 1685608703.6814215
5 1685608703.6823328
5 1685608703.7639346
5 1685608703.7649865


t:  50


0 1685608703.785761
0 1685608703.7858927
0 1685608703.854124
1 1685608703.8558183
1 1685608703.856248
1 1685608703.8581016
2 1685608703.8593504
2 1685608703.8596208
2 1685608703.9085007
3 1685608703.933857
3 1685608703.9340796
3 1685608703.9373062
4 1685608703.938589
4 1685608703.947806
4 1685608703.9523878
5 1685608704.0168417
5 1685608704.017011
5 1685608704.0181365


t:  51


0 1685608704.1368449
0 1685608704.1370342
0 1685608704.138319
1 1685608704.211727
1 1685608704.2195895
1 1685608704.2214184
2 1685608704.2323718
2 1685608704.232588
2 1685608704.233723
3 1685608704.2972186
3 1685608704.6276462
3 1685608704.6291597
4 1685608704.6708176
4 1685608704.6711342
4 1685608704.6743984
5 1685608704.8316314
5 1685608705.059638
5 1685608705.0608227


t:  52


0 1685608705.2117028
0 1685608705.2628112
0 1685608705.3025265
1 1685608705.3086689
1 1685608705.3088973
1 1685608705.3101926
2 1685608705.3339539
2 1685608705.3530421
2 1685608705.3957348
3 1685608705.4896271
3 1685608705.502416
3 1685608705.5036564
4 1685608705.5750024
4 1685608705.6644387
4 1685608705.8454452
5 1685608705.8463445
5 1685608705.944073
5 1685608705.9456203


t:  53


0 1685608705.972567
0 1685608705.9812362
0 1685608705.9824264
1 1685608705.9884918
1 1685608705.9887128
1 1685608706.0918076
2 1685608706.0927799
2 1685608706.0929847
2 1685608706.0941095
3 1685608706.1611414
3 1685608706.3601804
3 1685608706.3619149
4 1685608706.481663
4 1685608706.5125256
4 1685608706.5135577
5 1685608706.514477
5 1685608706.5146577
5 1685608706.5156555


t:  54


0 1685608706.631744
0 1685608707.0424514
0 1685608707.0744703
1 1685608707.0749881
1 1685608707.0751228
1 1685608707.0761523
2 1685608707.2177765
2 1685608707.217908
2 1685608707.2202978
3 1685608707.222015
3 1685608707.2222772
3 1685608707.3532228
4 1685608707.429805
4 1685608707.429981
4 1685608707.5619178
5 1685608707.5628068
5 1685608707.562925
5 1685608707.563781


t:  55


0 1685608708.4815476
0 1685608708.481702
0 1685608708.482649
1 1685608708.4833286
1 1685608708.4835002
1 1685608708.484621
2 1685608708.7821255
2 1685608708.7822907
2 1685608708.784295
3 1685608708.8146214
3 1685608708.8147755
3 1685608708.8156788
4 1685608708.8164766
4 1685608708.816617
4 1685608708.8381376
5 1685608708.9133694
5 1685608708.9135447
5 1685608708.9145725


t:  56


0 1685608709.1805818
0 1685608709.180745
0 1685608709.1815195
1 1685608709.181975
1 1685608709.1820931
1 1685608709.1826835
2 1685608709.1831336
2 1685608709.1832373
2 1685608709.183816
3 1685608709.198138
3 1685608709.1983116
3 1685608709.1990654
4 1685608709.2720678
4 1685608709.2722404
4 1685608709.273241
5 1685608709.3057492
5 1685608709.3059251
5 1685608709.3068523


t:  57


0 1685608709.332636
0 1685608709.3327477
0 1685608709.3334417
1 1685608709.3338912
1 1685608709.3339882
1 1685608709.3345926
2 1685608709.3350213
2 1685608709.3351207
2 1685608709.33578
3 1685608709.3875403
3 1685608709.3877163
3 1685608709.3885474
4 1685608709.3893363
4 1685608709.3894935
4 1685608709.3903775
5 1685608709.5124273
5 1685608709.5126832
5 1685608709.5155764


t:  58


0 1685608709.545245
0 1685608709.565468
0 1685608709.566435
1 1685608709.6084373
1 1685608709.6086605
1 1685608709.609946
2 1685608709.6106577
2 1685608709.6981423
2 1685608709.7160432
3 1685608709.9353204
3 1685608709.935514
3 1685608709.9929042
4 1685608709.9941397
4 1685608709.9943354
4 1685608710.0704138
5 1685608710.0735726
5 1685608710.0869203
5 1685608710.0885248


t:  59


0 1685608710.2611568
0 1685608710.2624955
0 1685608710.2639885
1 1685608710.391521
1 1685608710.3917208
1 1685608710.3930945
2 1685608710.394221
2 1685608710.3943715
2 1685608710.4372182
3 1685608710.4408052
3 1685608710.4410553
3 1685608710.4419696
4 1685608710.442581
4 1685608710.4427028
4 1685608710.4434884
5 1685608710.5120173
5 1685608710.5122037
5 1685608710.513459


t:  60


0 1685608710.834337
0 1685608710.8345351
0 1685608710.836978
1 1685608710.8409336
1 1685608710.8410883
1 1685608710.8700585
2 1685608710.9178288
2 1685608710.9180086
2 1685608711.0782526
3 1685608711.126423
3 1685608711.1266103
3 1685608711.12752
4 1685608711.1282337
4 1685608711.25794
4 1685608711.259228
5 1685608711.260483
5 1685608711.260601
5 1685608711.2614279


t:  61


0 1685608711.5100434
0 1685608711.5194259
0 1685608711.6438162
1 1685608711.9290216
1 1685608711.9292316
1 1685608711.9784672
2 1685608712.07162
2 1685608712.0717568
2 1685608712.0726657
3 1685608712.0732994
3 1685608712.0734117
3 1685608712.3407838
4 1685608712.3414555
4 1685608712.3415675
4 1685608712.342376
5 1685608712.3432872
5 1685608712.3434286
5 1685608712.3442848


t:  62


0 1685608712.4060285
0 1685608712.4062529
0 1685608712.407424
1 1685608712.4085171
1 1685608712.4086795
1 1685608712.4583454
2 1685608712.4591768
2 1685608712.4595504
2 1685608712.5022788
3 1685608712.504527
3 1685608712.5047603
3 1685608712.509063
4 1685608712.510044
4 1685608712.510179
4 1685608712.6325276
5 1685608712.6333003
5 1685608712.6334224
5 1685608712.634304


t:  63


0 1685608713.1069326
0 1685608713.107122
0 1685608713.2780762
1 1685608713.2790966
1 1685608713.2792785
1 1685608713.280421
2 1685608713.2999365
2 1685608713.3001208
2 1685608713.3802683
3 1685608713.3808827
3 1685608713.380991
3 1685608713.3817172
4 1685608713.3822117
4 1685608713.3823228
4 1685608713.3829293
5 1685608713.3834884
5 1685608713.383599
5 1685608713.3844733


t:  64


0 1685608713.462042
0 1685608713.4621658
0 1685608713.4631345
1 1685608713.4636214
1 1685608713.4637258
1 1685608713.5163379
2 1685608713.5221972
2 1685608713.52243
2 1685608713.5237885
3 1685608713.5246506
3 1685608713.5248141
3 1685608713.5259202
4 1685608713.5283432
4 1685608713.528528
4 1685608713.5296388
5 1685608713.530182
5 1685608713.5303578
5 1685608713.6077724


t:  65


0 1685608713.6382759
0 1685608713.6383922
0 1685608713.639136
1 1685608713.6397026
1 1685608713.639828
1 1685608713.640636
2 1685608713.6411433
2 1685608713.6413105
2 1685608713.7170055
3 1685608713.720979
3 1685608713.7450614
3 1685608713.7928276
4 1685608713.7934768
4 1685608713.7935965
4 1685608713.7956727
5 1685608713.7966204
5 1685608713.806468
5 1685608713.8632636


t:  66


0 1685608714.1008353
0 1685608714.101005
0 1685608714.102076
1 1685608714.103385
1 1685608714.137555
1 1685608714.1705794
2 1685608714.1952448
2 1685608714.19547
2 1685608714.1965647
3 1685608714.213546
3 1685608714.2137434
3 1685608714.2242815
4 1685608714.2252254
4 1685608714.225355
4 1685608714.2263467
5 1685608714.234471
5 1685608714.2346082
5 1685608714.3104975


t:  67


0 1685608714.4055362
0 1685608714.40577
0 1685608714.4071417
1 1685608714.4586856
1 1685608714.4588594
1 1685608714.5313566
2 1685608714.5324256
2 1685608714.53265
2 1685608714.5337436
3 1685608714.5347092
3 1685608714.5348663
3 1685608714.582282
4 1685608714.6066632
4 1685608714.6069672
4 1685608714.608358
5 1685608714.6144164
5 1685608714.614596
5 1685608714.652598


t:  68


0 1685608714.8688102
0 1685608714.8932536
0 1685608714.8943992
1 1685608715.0485063
1 1685608715.0487432
1 1685608715.0883725
2 1685608715.089457
2 1685608715.089631
2 1685608715.0973003
3 1685608715.113495
3 1685608715.1136885
3 1685608715.1146462
4 1685608715.132144
4 1685608715.2715402
4 1685608715.2726603
5 1685608715.2735293
5 1685608715.2737908
5 1685608715.3016307


t:  69


0 1685608715.560076
0 1685608715.560245
0 1685608715.5613163
1 1685608715.6528227
1 1685608715.6530938
1 1685608715.6549342
2 1685608715.6846848
2 1685608715.684886
2 1685608715.6859424
3 1685608715.687362
3 1685608715.6877296
3 1685608715.800659
4 1685608715.9447699
4 1685608715.9449296
4 1685608715.9461887
5 1685608716.059604
5 1685608716.059981
5 1685608716.0618343


t:  70


0 1685608716.0926442
0 1685608716.1242816
0 1685608716.145088
1 1685608716.1459334
1 1685608716.1460502
1 1685608716.1708326
2 1685608716.1968899
2 1685608716.2160313
2 1685608716.2174385
3 1685608716.2511742
3 1685608716.251397
3 1685608716.4399092
4 1685608716.5334013
4 1685608716.5399125
4 1685608716.5412586
5 1685608716.599368
5 1685608716.611761
5 1685608716.6326087


t:  71


0 1685608716.824949
0 1685608716.825266
0 1685608716.9084759
1 1685608716.967448
1 1685608716.968029
1 1685608716.9698915
2 1685608716.989539
2 1685608716.9900177
2 1685608716.9917386
3 1685608717.0130234
3 1685608717.0132406
3 1685608717.0758774
4 1685608717.0982294
4 1685608717.0990906
4 1685608717.1245492
5 1685608717.1418858
5 1685608717.219514
5 1685608717.2210786


t:  72


0 1685608717.5324144
0 1685608717.5326376
0 1685608717.5419142
1 1685608717.6288972
1 1685608717.6291738
1 1685608717.6322868
2 1685608717.6957724
2 1685608717.6959841
2 1685608717.697438
3 1685608717.699085
3 1685608717.773822
3 1685608717.7755187
4 1685608717.8042452
4 1685608717.9722364
4 1685608717.9739065
5 1685608717.9933116
5 1685608717.9935002
5 1685608717.996712


t:  73


0 1685608718.273752
0 1685608718.2992184
0 1685608718.3005192
1 1685608718.303009
1 1685608718.3031945
1 1685608718.305142
2 1685608718.3263721
2 1685608718.326558
2 1685608718.3276014
3 1685608718.3845415
3 1685608718.384823
3 1685608718.3863516
4 1685608718.3873074
4 1685608718.394108
4 1685608718.3967743
5 1685608718.508242
5 1685608718.5083778
5 1685608718.509576


t:  74


0 1685608718.7266233
0 1685608718.726736
0 1685608718.7277672
1 1685608718.7373831
1 1685608718.7375338
1 1685608718.7407336
2 1685608718.7430432
2 1685608718.7431605
2 1685608718.9376116
3 1685608718.9393423
3 1685608719.148272
3 1685608719.1541793
4 1685608719.3638654
4 1685608719.3641424
4 1685608719.4418192
5 1685608719.4477386
5 1685608719.448193
5 1685608719.4986653


t:  75


0 1685608719.675374
0 1685608719.6923559
0 1685608719.6998236
1 1685608719.7759511
1 1685608719.8220377
1 1685608719.8779688
2 1685608719.8790762
2 1685608719.879245
2 1685608719.880125
3 1685608719.8818586
3 1685608719.882052
3 1685608719.8830316
4 1685608719.9029186
4 1685608720.0792835
4 1685608720.080825
5 1685608720.4265566
5 1685608720.4870777
5 1685608720.5272276


t:  76


0 1685608720.9829514
0 1685608720.9831705
0 1685608720.9848142
1 1685608721.166212
1 1685608721.1665027
1 1685608721.1687622
2 1685608721.2000551
2 1685608721.2001908
2 1685608721.3367085
3 1685608721.454222
3 1685608721.6583855
3 1685608721.8957
4 1685608721.9039917
4 1685608721.9043784
4 1685608721.9060314
5 1685608721.9352036
5 1685608721.9353414
5 1685608721.936357


t:  77


0 1685608722.1925473
0 1685608722.19922
0 1685608722.2009418
1 1685608722.5811362
1 1685608722.581418
1 1685608722.5830874
2 1685608722.5840704
2 1685608722.6469378
2 1685608722.6896296
3 1685608722.6978
3 1685608722.724016
3 1685608722.8010986
4 1685608722.8019226
4 1685608722.8020442
4 1685608722.8034892
5 1685608722.8241622
5 1685608722.8244426
5 1685608722.8258705


t:  78


0 1685608723.0771375
0 1685608723.0773354
0 1685608723.0784352
1 1685608723.114162
1 1685608723.114323
1 1685608723.1152983
2 1685608723.1430748
2 1685608723.1432157
2 1685608723.1451225
3 1685608723.1975892
3 1685608723.2209766
3 1685608723.222439
4 1685608723.263088
4 1685608723.2632396
4 1685608723.264444
5 1685608723.3181934
5 1685608723.342728
5 1685608723.346911


t:  79


0 1685608723.6629596
0 1685608723.6631384
0 1685608723.66431
1 1685608723.710493
1 1685608723.7309217
1 1685608724.0514443
2 1685608724.0528967
2 1685608724.0531535
2 1685608724.14406
3 1685608724.1961422
3 1685608724.1963825
3 1685608724.2185047
4 1685608724.2552304
4 1685608724.2881608
4 1685608724.3093429
5 1685608724.3297045
5 1685608724.3328016
5 1685608724.3338344


t:  80


0 1685608724.4250205
0 1685608724.4251392
0 1685608724.4261153
1 1685608724.434845
1 1685608724.447986
1 1685608724.4490309
2 1685608724.4504132
2 1685608724.4505813
2 1685608724.4518018
3 1685608724.5608006
3 1685608724.5609295
3 1685608724.5632973
4 1685608724.564048
4 1685608724.5642111
4 1685608724.566056
5 1685608724.7183006
5 1685608724.7185466
5 1685608724.7199757


t:  81


0 1685608724.8166442
0 1685608724.8168824
0 1685608724.8179822
1 1685608724.8444138
1 1685608724.844591
1 1685608724.918768
2 1685608724.9197466
2 1685608724.919981
2 1685608724.9211082
3 1685608724.9228075
3 1685608724.923342
3 1685608724.9244785
4 1685608724.9419754
4 1685608724.9421268
4 1685608725.0027738
5 1685608725.0035107
5 1685608725.0094368
5 1685608725.0106578


t:  82


0 1685608725.1829197
0 1685608725.1830912
0 1685608725.3404336
1 1685608725.3415687
1 1685608725.3417335
1 1685608725.3426723
2 1685608725.3436174
2 1685608725.3437507
2 1685608725.3448553
3 1685608725.3459933
3 1685608725.4016414
3 1685608725.4027443
4 1685608725.4036605
4 1685608725.4038734
4 1685608725.4049737
5 1685608725.4202225
5 1685608725.4572413
5 1685608725.4583607


t:  83


0 1685608725.4700737
0 1685608725.4701405
0 1685608725.5196984
1 1685608725.6785789
1 1685608725.693739
1 1685608725.8217757
2 1685608725.8329587
2 1685608725.8337884
2 1685608725.8346353
3 1685608725.835405
3 1685608725.943828
3 1685608725.9502964
4 1685608725.9749358
4 1685608725.9751325
4 1685608726.0392962
5 1685608726.040368
5 1685608726.0422537
5 1685608726.0549605


t:  84


0 1685608726.2613518
0 1685608726.2614896
0 1685608726.2634854
1 1685608726.2925005
1 1685608726.2941937
1 1685608726.306377
2 1685608726.3078265
2 1685608726.3080845
2 1685608726.309177
3 1685608726.3156898
3 1685608726.4101217
3 1685608726.4111729
4 1685608726.412025
4 1685608726.4465606
4 1685608726.4475274
5 1685608726.4482574
5 1685608726.4483674
5 1685608726.4973688


t:  85


0 1685608726.6539328
0 1685608726.6540918
0 1685608726.6557984
1 1685608726.7189436
1 1685608726.7191498
1 1685608726.7203798
2 1685608726.7222686
2 1685608726.8065445
2 1685608726.8075407
3 1685608726.8084435
3 1685608726.881367
3 1685608726.9669726
4 1685608726.973305
4 1685608726.9735775
4 1685608726.9747896
5 1685608726.9895906
5 1685608726.9897265
5 1685608727.0243475


t:  86


0 1685608727.667393
0 1685608727.6675816
0 1685608727.711178
1 1685608727.714139
1 1685608727.7143724
1 1685608727.7153764
2 1685608727.7376242
2 1685608727.7546124
2 1685608727.8315048
3 1685608727.8395894
3 1685608727.84209
3 1685608727.8436344
4 1685608727.8511453
4 1685608727.8851464
4 1685608727.8884034
5 1685608727.889486
5 1685608727.889649
5 1685608727.8906488


t:  87


0 1685608728.2141862
0 1685608728.2143438
0 1685608728.2154067
1 1685608728.5585458
1 1685608728.6335468
1 1685608728.6351311
2 1685608728.6362884
2 1685608728.6364427
2 1685608728.641151
3 1685608728.688128
3 1685608728.688423
3 1685608728.6900558
4 1685608728.7583878
4 1685608728.75866
4 1685608728.7598329
5 1685608728.8571975
5 1685608728.9443083
5 1685608728.9455714


t:  88


0 1685608729.2671952
0 1685608729.3955276
0 1685608729.4168725
1 1685608729.422737
1 1685608729.433281
1 1685608729.4355319
2 1685608729.4365723
2 1685608729.436741
2 1685608729.4419634
3 1685608729.4428368
3 1685608729.4429567
3 1685608729.5321238
4 1685608729.533223
4 1685608729.5333617
4 1685608729.5342524
5 1685608729.6677947
5 1685608729.6680424
5 1685608729.6696255


t:  89


0 1685608729.9866385
0 1685608729.9867978
0 1685608729.9876893
1 1685608730.1474319
1 1685608730.1784513
1 1685608730.1825426
2 1685608730.1940641
2 1685608730.2038379
2 1685608730.2049248
3 1685608730.2670643
3 1685608730.30544
3 1685608730.3614569
4 1685608730.3629732
4 1685608730.3631175
4 1685608730.3640122
5 1685608730.3646002
5 1685608730.3647084
5 1685608730.3652995


t:  90


0 1685608730.4217682
0 1685608730.4219587
0 1685608730.423233
1 1685608730.5760112
1 1685608730.595496
1 1685608730.5975509
2 1685608730.598619
2 1685608730.598788
2 1685608730.5999382
3 1685608730.6314578
3 1685608730.6315935
3 1685608730.6334348
4 1685608730.6496823
4 1685608730.6498718
4 1685608730.650948
5 1685608730.651764
5 1685608730.669889
5 1685608730.6724656


t:  91


0 1685608730.7390206
0 1685608730.739215
0 1685608730.7418206
1 1685608730.7855787
1 1685608730.7868278
1 1685608730.7894804
2 1685608730.790325
2 1685608730.7904968
2 1685608730.79159
3 1685608730.7925582
3 1685608730.7927065
3 1685608730.7934425
4 1685608730.9642048
4 1685608730.9643335
4 1685608730.965373
5 1685608730.9943926
5 1685608731.0143018
5 1685608731.015756


t:  92


0 1685608731.081323
0 1685608731.0814881
0 1685608731.082616
1 1685608731.1015942
1 1685608731.1071773
1 1685608731.1110113
2 1685608731.2282119
2 1685608731.2284129
2 1685608731.2312965
3 1685608731.2321682
3 1685608731.2323046
3 1685608731.2331457
4 1685608731.2341602
4 1685608731.234429
4 1685608731.2801683
5 1685608731.3582785
5 1685608731.3585286
5 1685608731.3606358


t:  93


0 1685608731.564366
0 1685608731.5885756
0 1685608731.589647
1 1685608731.5903542
1 1685608731.5904672
1 1685608731.5911608
2 1685608731.6172018
2 1685608731.6173396
2 1685608731.6680698
3 1685608731.6688774
3 1685608731.6755154
3 1685608731.6929195
4 1685608731.6935155
4 1685608731.6938593
4 1685608731.6945522
5 1685608731.695044
5 1685608731.695151
5 1685608731.6958506


t:  94


0 1685608732.1450531
0 1685608732.1453106
0 1685608732.146562
1 1685608732.2543993
1 1685608732.2545934
1 1685608732.2571979
2 1685608732.3206854
2 1685608732.320971
2 1685608732.3224049
3 1685608732.323592
3 1685608732.323786
3 1685608732.4027371
4 1685608732.4042268
4 1685608732.4044511
4 1685608732.4058802
5 1685608732.5883398
5 1685608732.5885339
5 1685608732.5919797


t:  95


0 1685608732.863074
0 1685608732.8632472
0 1685608732.8648305
1 1685608732.9230323
1 1685608732.9231734
1 1685608732.9243307
2 1685608732.9250548
2 1685608732.9252572
2 1685608732.9264538
3 1685608733.099223
3 1685608733.0993576
3 1685608733.1002035
4 1685608733.1847606
4 1685608733.1849387
4 1685608733.1861696
5 1685608733.2053547
5 1685608733.2060378
5 1685608733.2096074


t:  96


0 1685608733.5954285
0 1685608733.5955763
0 1685608733.5965798
1 1685608733.6310687
1 1685608733.6312327
1 1685608733.6323726
2 1685608733.6870148
2 1685608733.6871843
2 1685608733.6885927
3 1685608733.6902828
3 1685608733.690424
3 1685608733.7920637
4 1685608733.792859
4 1685608733.908985
4 1685608733.9104016
5 1685608733.9360998
5 1685608733.936289
5 1685608733.9373188


t:  97


0 1685608734.014575
0 1685608734.0147343
0 1685608734.0154834
1 1685608734.0163
1 1685608734.0164552
1 1685608734.030307
2 1685608734.0319593
2 1685608734.0321507
2 1685608734.1215196
3 1685608734.1476774
3 1685608734.2042735
3 1685608734.2055109
4 1685608734.2110236
4 1685608734.2117069
4 1685608734.2137792
5 1685608734.2246816
5 1685608734.2251117
5 1685608734.2316818


t:  98


0 1685608734.5354977
0 1685608734.5356698
0 1685608734.5376213
1 1685608734.5728693
1 1685608734.5731368
1 1685608734.5740721
2 1685608734.6844182
2 1685608734.6846135
2 1685608734.685572
3 1685608734.6866782
3 1685608734.686829
3 1685608734.687812
4 1685608734.7643504
4 1685608734.764553
4 1685608734.7702875
5 1685608734.7714314
5 1685608734.771591
5 1685608734.7725308


t:  99


0 1685608734.8487425
0 1685608734.8490677
0 1685608734.8813426
1 1685608734.8822756
1 1685608734.882511
1 1685608734.9636736
2 1685608734.9652615
2 1685608734.9654877
2 1685608734.966808
3 1685608734.9681027
3 1685608734.968245
3 1685608735.0203013
4 1685608735.0605168
4 1685608735.0659008
4 1685608735.0670176
5 1685608735.0684004
5 1685608735.0790672
5 1685608735.081706
done
(base) ]0;steven@steven-VirtualBox: ~/catkin_ws/src/controller_py/src[01;32msteven@steven-VirtualBox[00m:[01;34m~/catkin_ws/src/controller_py/src[00m$ exit
exit

Script done on 2023-06-01 10:39:01+02:00 [COMMAND_EXIT_CODE="0"]
