t:  0


0 1685608994.7560596
0 1685608994.7561786
0 1685608994.7596521
1 1685608994.759962
1 1685608994.7600744
1 1685608994.7609694
2 1685608994.7612352
2 1685608994.7613459
2 1685608994.7619865
3 1685608994.7676532
3 1685608994.769108
3 1685608994.8202395


t:  1


0 1685608994.8427508
0 1685608994.8428667
0 1685608994.8438563
1 1685608994.8539197
1 1685608994.854259
1 1685608994.858047
2 1685608994.8688836
2 1685608994.8691688
2 1685608994.8710074
3 1685608994.871611
3 1685608994.8718183
3 1685608994.8727243


t:  2


0 1685608994.8818445
0 1685608994.8820024
0 1685608994.9323623
1 1685608994.9330895
1 1685608994.939947
1 1685608994.9438589
2 1685608994.9451497
2 1685608994.9453008
2 1685608994.946203
3 1685608995.0074298
3 1685608995.0078156
3 1685608995.0089011


t:  3


0 1685608995.0380654
0 1685608995.0381866
0 1685608995.0391686
1 1685608995.0399408
1 1685608995.0400531
1 1685608995.0421822
2 1685608995.0488327
2 1685608995.0490534
2 1685608995.0506856
3 1685608995.0721784
3 1685608995.0776823
3 1685608995.0788105


t:  4


0 1685608995.2236645
0 1685608995.2265096
0 1685608995.2275088
1 1685608995.2284067
1 1685608995.228569
1 1685608995.229792
2 1685608995.2305825
2 1685608995.230775
2 1685608995.261516
3 1685608995.2940521
3 1685608995.2942638
3 1685608995.2951658


t:  5


0 1685608995.3568225
0 1685608995.3569655
0 1685608995.3579438
1 1685608995.35871
1 1685608995.358867
1 1685608995.4587631
2 1685608995.4649365
2 1685608995.465109
2 1685608995.4661336
3 1685608995.4669397
3 1685608995.467078
3 1685608995.5265996


t:  6


0 1685608995.6775403
0 1685608995.6776938
0 1685608995.6788194
1 1685608995.7649791
1 1685608995.765138
1 1685608995.7659988
2 1685608995.7667265
2 1685608995.766958
2 1685608995.7691097
3 1685608995.8932688
3 1685608995.8943684
3 1685608995.8956192


t:  7


0 1685608996.008925
0 1685608996.0090775
0 1685608996.0151966
1 1685608996.0357943
1 1685608996.036012
1 1685608996.0369759
2 1685608996.0379026
2 1685608996.048184
2 1685608996.0925143
3 1685608996.093317
3 1685608996.0934644
3 1685608996.1430345


t:  8


0 1685608996.226461
0 1685608996.2266126
0 1685608996.2433836
1 1685608996.245191
1 1685608996.2453082
1 1685608996.2464616
2 1685608996.2606094
2 1685608996.2607822
2 1685608996.2620301
3 1685608996.279581
3 1685608996.279794
3 1685608996.281403


t:  9


0 1685608996.372624
0 1685608996.372766
0 1685608996.3738313
1 1685608996.374463
1 1685608996.3745687
1 1685608996.3754861
2 1685608996.3825624
2 1685608996.3826914
2 1685608996.3837876
3 1685608996.3904154
3 1685608996.3905578
3 1685608996.3917317


t:  10


0 1685608996.442711
0 1685608996.4428887
0 1685608996.4441457
1 1685608996.585322
1 1685608996.585634
1 1685608996.5868556
2 1685608996.5890422
2 1685608996.5892644
2 1685608996.6309521
3 1685608996.633411
3 1685608996.6797025
3 1685608996.6845753


t:  11


0 1685608996.8458858
0 1685608996.8460782
0 1685608996.847134
1 1685608996.8495297
1 1685608996.8496914
1 1685608996.866811
2 1685608996.867848
2 1685608996.9267194
2 1685608996.9279144
3 1685608996.9300272
3 1685608996.9301937
3 1685608996.9313214


t:  12


0 1685608996.9966104
0 1685608996.9967487
0 1685608996.9980946
1 1685608996.998835
1 1685608996.9989462
1 1685608997.0006046
2 1685608997.060394
2 1685608997.0606565
2 1685608997.062265
3 1685608997.0633492
3 1685608997.0636203
3 1685608997.0750163


t:  13


0 1685608997.1995263
0 1685608997.199646
0 1685608997.2066736
1 1685608997.2087736
1 1685608997.2088869
1 1685608997.209557
2 1685608997.2297473
2 1685608997.230007
2 1685608997.2313018
3 1685608997.232181
3 1685608997.2322896
3 1685608997.2340114


t:  14


0 1685608997.4043088
0 1685608997.4044778
0 1685608997.405654
1 1685608997.4083729
1 1685608997.4085295
1 1685608997.409492
2 1685608997.4937475
2 1685608997.4940684
2 1685608997.4955604
3 1685608997.4964182
3 1685608997.4966278
3 1685608997.4973102


t:  15


0 1685608997.5690634
0 1685608997.5692816
0 1685608997.570335
1 1685608997.5771701
1 1685608997.577318
1 1685608997.6441925
2 1685608997.6460516
2 1685608997.6462913
2 1685608997.647468
3 1685608997.7313097
3 1685608997.731538
3 1685608997.7324665


t:  16


0 1685608997.7853324
0 1685608997.7854524
0 1685608997.786291
1 1685608997.7867756
1 1685608997.7868805
1 1685608997.787525
2 1685608997.8440232
2 1685608997.8441668
2 1685608997.8459256
3 1685608997.8583722
3 1685608997.8585064
3 1685608997.8593655


t:  17


0 1685608997.8777351
0 1685608997.877854
0 1685608997.8792682
1 1685608997.9089048
1 1685608997.9091337
1 1685608997.9102392
2 1685608997.9111025
2 1685608997.9112496
2 1685608997.952391
3 1685608997.9534528
3 1685608997.9536054
3 1685608997.954567


t:  18


0 1685608997.9963772
0 1685608997.9964888
0 1685608997.997408
1 1685608997.997963
1 1685608997.9980636
1 1685608997.998762
2 1685608997.9992924
2 1685608998.0645168
2 1685608998.0656676
3 1685608998.0735977
3 1685608998.073764
3 1685608998.074586


t:  19


0 1685608998.1279433
0 1685608998.128094
0 1685608998.1292412
1 1685608998.136905
1 1685608998.137084
1 1685608998.1379328
2 1685608998.1384058
2 1685608998.1385067
2 1685608998.139133
3 1685608998.1395822
3 1685608998.1397138
3 1685608998.1860375


t:  20


0 1685608998.2260437
0 1685608998.226189
0 1685608998.2272792
1 1685608998.2283816
1 1685608998.237687
1 1685608998.3968403
2 1685608998.3979213
2 1685608998.398067
2 1685608998.4421427
3 1685608998.4429781
3 1685608998.44309
3 1685608998.4437428


t:  21


0 1685608998.5078397
0 1685608998.5730846
0 1685608998.574358
1 1685608998.5773277
1 1685608998.577514
1 1685608998.6838613
2 1685608998.7259934
2 1685608998.7262044
2 1685608998.727366
3 1685608998.7337797
3 1685608998.7339046
3 1685608998.735564


t:  22


0 1685608998.8850827
0 1685608998.885384
0 1685608998.888559
1 1685608998.8924716
1 1685608998.8978062
1 1685608998.9439182
2 1685608999.02077
2 1685608999.0209093
2 1685608999.0220623
3 1685608999.0312407
3 1685608999.0313737
3 1685608999.0329993


t:  23


0 1685608999.150137
0 1685608999.150257
0 1685608999.155699
1 1685608999.260778
1 1685608999.2659407
1 1685608999.2932823
2 1685608999.2945008
2 1685608999.294619
2 1685608999.2953582
3 1685608999.296314
3 1685608999.2964356
3 1685608999.2986057


t:  24


0 1685608999.3328373
0 1685608999.3329906
0 1685608999.348233
1 1685608999.3501716
1 1685608999.3503103
1 1685608999.3514335
2 1685608999.3526845
2 1685608999.3529618
2 1685608999.3643482
3 1685608999.3654933
3 1685608999.3656456
3 1685608999.3673205


t:  25


0 1685608999.3765912
0 1685608999.3767738
0 1685608999.3781886
1 1685608999.3818057
1 1685608999.381999
1 1685608999.4186087
2 1685608999.4232454
2 1685608999.4233832
2 1685608999.424365
3 1685608999.4250865
3 1685608999.4252248
3 1685608999.427001


t:  26


0 1685608999.4562109
0 1685608999.4582937
0 1685608999.4592876
1 1685608999.4604342
1 1685608999.460555
1 1685608999.461396
2 1685608999.4620426
2 1685608999.4621832
2 1685608999.463152
3 1685608999.4644713
3 1685608999.4645872
3 1685608999.4654117


t:  27


0 1685608999.5301242
0 1685608999.546628
0 1685608999.5476964
1 1685608999.548479
1 1685608999.5540192
1 1685608999.5549982
2 1685608999.555833
2 1685608999.556167
2 1685608999.588291
3 1685608999.5891428
3 1685608999.6558053
3 1685608999.657385


t:  28


0 1685608999.8067136
0 1685608999.8068511
0 1685608999.8211653
1 1685608999.8228843
1 1685608999.8231266
1 1685608999.8338926
2 1685608999.8852963
2 1685608999.885523
2 1685608999.8891087
3 1685608999.8901556
3 1685608999.9409125
3 1685608999.9419622


t:  29


0 1685609000.1863077
0 1685609000.1864626
0 1685609000.281555
1 1685609000.3141422
1 1685609000.3143222
1 1685609000.3160052
2 1685609000.318214
2 1685609000.3184369
2 1685609000.3784313
3 1685609000.409978
3 1685609000.4101293
3 1685609000.4116101


t:  30


0 1685609000.630195
0 1685609000.630322
0 1685609000.6999738
1 1685609000.7047286
1 1685609000.704905
1 1685609000.7059412
2 1685609000.7066333
2 1685609000.7067666
2 1685609000.7076437
3 1685609000.7551653
3 1685609000.7553298
3 1685609000.7711034


t:  31


0 1685609000.908244
0 1685609000.9083655
0 1685609000.909185
1 1685609000.9096751
1 1685609000.909782
1 1685609000.9104326
2 1685609000.9109187
2 1685609000.911031
2 1685609000.9116597
3 1685609000.9124687
3 1685609000.9125824
3 1685609000.9132688


t:  32


0 1685609001.0102901
0 1685609001.0104322
0 1685609001.0117433
1 1685609001.073684
1 1685609001.0738804
1 1685609001.0748851
2 1685609001.0919867
2 1685609001.0921702
2 1685609001.0968444
3 1685609001.0977106
3 1685609001.0978699
3 1685609001.1003666


t:  33


0 1685609001.216823
0 1685609001.2169492
0 1685609001.2324264
1 1685609001.2574513
1 1685609001.2576003
1 1685609001.271927
2 1685609001.2738326
2 1685609001.2739968
2 1685609001.2779763
3 1685609001.3245635
3 1685609001.324739
3 1685609001.3256545


t:  34


0 1685609001.3874948
0 1685609001.3876169
0 1685609001.4932387
1 1685609001.5036209
1 1685609001.5037572
1 1685609001.5052016
2 1685609001.5567732
2 1685609001.5570483
2 1685609001.5583916
3 1685609001.6417282
3 1685609001.643592
3 1685609001.661914


t:  35


0 1685609001.8486946
0 1685609001.8507252
0 1685609001.8521414
1 1685609001.866545
1 1685609001.8667254
1 1685609001.8690524
2 1685609001.9152186
2 1685609001.9154222
2 1685609001.9168475
3 1685609001.9195075
3 1685609001.9198337
3 1685609001.9470508


t:  36


0 1685609002.066291
0 1685609002.0664153
0 1685609002.067485
1 1685609002.0683975
1 1685609002.068553
1 1685609002.0760093
2 1685609002.1054351
2 1685609002.105673
2 1685609002.165159
3 1685609002.1663616
3 1685609002.1664784
3 1685609002.2474337


t:  37


0 1685609002.378303
0 1685609002.378411
0 1685609002.3793638
1 1685609002.380045
1 1685609002.4006348
1 1685609002.403384
2 1685609002.4080126
2 1685609002.4081612
2 1685609002.4181018
3 1685609002.4188967
3 1685609002.4190092
3 1685609002.4197648


t:  38


0 1685609002.4775093
0 1685609002.477633
0 1685609002.4784665
1 1685609002.479064
1 1685609002.4793615
1 1685609002.480467
2 1685609002.4809842
2 1685609002.4811144
2 1685609002.5282223
3 1685609002.5302112
3 1685609002.53042
3 1685609002.5320194


t:  39


0 1685609002.6020606
0 1685609002.6022367
0 1685609002.603582
1 1685609002.6321142
1 1685609002.6322706
1 1685609002.7007709
2 1685609002.707282
2 1685609002.7392504
2 1685609002.7404137
3 1685609002.881969
3 1685609002.8821635
3 1685609002.9025898


t:  40


0 1685609002.9813387
0 1685609002.981458
0 1685609002.9856615
1 1685609002.9865713
1 1685609002.986728
1 1685609003.0435338
2 1685609003.0501184
2 1685609003.0503159
2 1685609003.0515115
3 1685609003.0523865
3 1685609003.0525365
3 1685609003.0863316


t:  41


0 1685609003.2465842
0 1685609003.2467017
0 1685609003.2478304
1 1685609003.248879
1 1685609003.2489884
1 1685609003.2734172
2 1685609003.274294
2 1685609003.274407
2 1685609003.2752516
3 1685609003.2758296
3 1685609003.277016
3 1685609003.27789


t:  42


0 1685609003.392322
0 1685609003.392483
0 1685609003.5453143
1 1685609003.5461488
1 1685609003.5463192
1 1685609003.547305
2 1685609003.5535283
2 1685609003.5537653
2 1685609003.5549443
3 1685609003.5565317
3 1685609003.5567048
3 1685609003.5810425


t:  43


0 1685609003.7101893
0 1685609003.7110353
0 1685609003.8176405
1 1685609003.849908
1 1685609003.850151
1 1685609003.875156
2 1685609003.8812819
2 1685609003.8882089
2 1685609003.9162138
3 1685609004.0615897
3 1685609004.0713973
3 1685609004.0733492


t:  44


0 1685609004.1426983
0 1685609004.142869
0 1685609004.1439137
1 1685609004.1447134
1 1685609004.1449142
1 1685609004.1924114
2 1685609004.220177
2 1685609004.2263699
2 1685609004.227481
3 1685609004.2549021
3 1685609004.2551022
3 1685609004.281054


t:  45


0 1685609004.3044055
0 1685609004.3045764
0 1685609004.310646
1 1685609004.311549
1 1685609004.3470023
1 1685609004.3480115
2 1685609004.3488166
2 1685609004.3489916
2 1685609004.3499305
3 1685609004.3506155
3 1685609004.3507328
3 1685609004.360326


t:  46


0 1685609004.4832141
0 1685609004.4833293
0 1685609004.4842865
1 1685609004.5199618
1 1685609004.5201292
1 1685609004.523823
2 1685609004.5766735
2 1685609004.5768185
2 1685609004.5776916
3 1685609004.5783165
3 1685609004.5867853
3 1685609004.5876834


t:  47


0 1685609004.6783206
0 1685609004.6784332
0 1685609004.6793404
1 1685609004.6803615
1 1685609004.6804667
1 1685609004.681238
2 1685609004.6818252
2 1685609004.6819298
2 1685609004.6827757
3 1685609004.70933
3 1685609004.7390192
3 1685609004.740022


t:  48


0 1685609004.9079068
0 1685609004.9080384
0 1685609004.9207783
1 1685609004.940953
1 1685609004.9941528
1 1685609004.9955804
2 1685609005.0005033
2 1685609005.0353925
2 1685609005.0490806
3 1685609005.0567207
3 1685609005.0569866
3 1685609005.0582623


t:  49


0 1685609005.129636
0 1685609005.1298292
0 1685609005.1316078
1 1685609005.134278
1 1685609005.1402903
1 1685609005.2237198
2 1685609005.24126
2 1685609005.2413976
2 1685609005.2427723
3 1685609005.2547703
3 1685609005.2549298
3 1685609005.2569697


t:  50


0 1685609005.33833
0 1685609005.3385487
0 1685609005.3402674
1 1685609005.3413973
1 1685609005.3416505
1 1685609005.3429878
2 1685609005.5081303
2 1685609005.5084538
2 1685609005.511283
3 1685609005.5121024
3 1685609005.5122325
3 1685609005.5286822


t:  51


0 1685609005.5687103
0 1685609005.5690002
0 1685609005.571381
1 1685609005.649696
1 1685609005.6499312
1 1685609005.6536782
2 1685609005.7210736
2 1685609005.7214084
2 1685609005.7351468
3 1685609005.7367494
3 1685609005.7371438
3 1685609005.7393258


t:  52


0 1685609005.8753684
0 1685609005.8863115
0 1685609005.9087138
1 1685609005.9475875
1 1685609005.947775
1 1685609005.9489439
2 1685609005.9531353
2 1685609005.9533827
2 1685609006.0125697
3 1685609006.0141165
3 1685609006.0143294
3 1685609006.017794


t:  53


0 1685609006.0794892
0 1685609006.0796342
0 1685609006.1278293
1 1685609006.1328611
1 1685609006.133125
1 1685609006.1520054
2 1685609006.1579528
2 1685609006.158216
2 1685609006.1608381
3 1685609006.2071443
3 1685609006.207333
3 1685609006.2097597


t:  54


0 1685609006.2904658
0 1685609006.2906356
0 1685609006.2923377
1 1685609006.3077188
1 1685609006.3079307
1 1685609006.3103774
2 1685609006.313897
2 1685609006.3247747
2 1685609006.3256662
3 1685609006.3263552
3 1685609006.3268173
3 1685609006.327616


t:  55


0 1685609006.4391923
0 1685609006.4393108
0 1685609006.4402852
1 1685609006.507152
1 1685609006.5212524
1 1685609006.5378637
2 1685609006.5523605
2 1685609006.5813026
2 1685609006.7030995
3 1685609006.7040126
3 1685609006.7041636
3 1685609006.705082


t:  56


0 1685609006.78964
0 1685609006.7898052
0 1685609006.8226361
1 1685609006.8250823
1 1685609006.825337
1 1685609006.9585514
2 1685609006.9775743
2 1685609006.9778028
2 1685609006.9797134
3 1685609007.0285385
3 1685609007.1031106
3 1685609007.1043828


t:  57


0 1685609007.5885916
0 1685609007.599291
0 1685609007.6044374
1 1685609007.6658921
1 1685609007.8242064
1 1685609007.9338999
2 1685609007.999722
2 1685609008.0000021
2 1685609008.0015013
3 1685609008.002627
3 1685609008.002848
3 1685609008.0103078


t:  58


0 1685609008.1182597
0 1685609008.118549
0 1685609008.1218112
1 1685609008.1620386
1 1685609008.1624131
1 1685609008.1935108
2 1685609008.194521
2 1685609008.195107
2 1685609008.2645507
3 1685609008.2652233
3 1685609008.2653558
3 1685609008.2660916


t:  59


0 1685609008.350039
0 1685609008.4137368
0 1685609008.4171705
1 1685609008.4177432
1 1685609008.4178603
1 1685609008.4186435
2 1685609008.4195464
2 1685609008.4197416
2 1685609008.531453
3 1685609008.5692115
3 1685609008.569767
3 1685609008.5729184


t:  60


0 1685609008.6988974
0 1685609008.699122
0 1685609008.7008274
1 1685609008.7511442
1 1685609008.7513306
1 1685609008.7525315
2 1685609008.7585728
2 1685609008.7587574
2 1685609008.7600412
3 1685609008.7615268
3 1685609008.7617447
3 1685609008.7628193


t:  61


0 1685609008.8192627
0 1685609008.8194673
0 1685609008.821404
1 1685609008.9013853
1 1685609008.9015718
1 1685609008.923068
2 1685609008.9404628
2 1685609008.9408906
2 1685609008.9424684
3 1685609009.0308897
3 1685609009.031163
3 1685609009.0405424


t:  62


0 1685609009.3663778
0 1685609009.4148264
0 1685609009.416584
1 1685609009.4181626
1 1685609009.418473
1 1685609009.4499962
2 1685609009.4541664
2 1685609009.4546385
2 1685609009.5111203
3 1685609009.5124345
3 1685609009.512677
3 1685609009.5136101


t:  63


0 1685609009.7469852
0 1685609009.7472324
0 1685609009.7490554
1 1685609009.9014313
1 1685609009.9016955
1 1685609010.0314822
2 1685609010.0393524
2 1685609010.0395863
2 1685609010.0508509
3 1685609010.0783896
3 1685609010.1330352
3 1685609010.1341193


t:  64


0 1685609010.2402496
0 1685609010.2489977
0 1685609010.250102
1 1685609010.262132
1 1685609010.2623827
1 1685609010.2633832
2 1685609010.264113
2 1685609010.2642238
2 1685609010.2692103
3 1685609010.3365614
3 1685609010.3602931
3 1685609010.3695805


t:  65


0 1685609010.4738853
0 1685609010.4740374
0 1685609010.4755528
1 1685609010.4880025
1 1685609010.4881585
1 1685609010.5420523
2 1685609010.557494
2 1685609010.5576868
2 1685609010.5615673
3 1685609010.5621202
3 1685609010.5773053
3 1685609010.5786257


t:  66


0 1685609010.6789627
0 1685609010.67928
0 1685609010.7110631
1 1685609010.7119644
1 1685609010.7809765
1 1685609010.7944467
2 1685609010.802411
2 1685609010.8025646
2 1685609010.8040123
3 1685609010.8049183
3 1685609010.8052459
3 1685609010.8060973


t:  67


0 1685609010.934058
0 1685609010.9681365
0 1685609010.9707062
1 1685609010.9736326
1 1685609010.9737666
1 1685609010.974795
2 1685609010.9753141
2 1685609010.9754205
2 1685609010.9765196
3 1685609011.0066311
3 1685609011.0067623
3 1685609011.0077512


t:  68


0 1685609011.0468683
0 1685609011.0470185
0 1685609011.051878
1 1685609011.0635269
1 1685609011.0649643
1 1685609011.0661101
2 1685609011.066943
2 1685609011.0670595
2 1685609011.0682697
3 1685609011.1657388
3 1685609011.1753109
3 1685609011.176844


t:  69


0 1685609011.2271879
0 1685609011.2302365
0 1685609011.2332945
1 1685609011.2904167
1 1685609011.2998717
1 1685609011.3071747
2 1685609011.3215306
2 1685609011.3217502
2 1685609011.356706
3 1685609011.4019961
3 1685609011.4185674
3 1685609011.4230459


t:  70


0 1685609011.5297372
0 1685609011.5298991
0 1685609011.5311031
1 1685609011.5318007
1 1685609011.5319457
1 1685609011.5788398
2 1685609011.5799003
2 1685609011.5801196
2 1685609011.582161
3 1685609011.601954
3 1685609011.602093
3 1685609011.6056585


t:  71


0 1685609011.653596
0 1685609011.6537137
0 1685609011.6548464
1 1685609011.6556385
1 1685609011.6653814
1 1685609011.66841
2 1685609011.669389
2 1685609011.6712654
2 1685609011.7164538
3 1685609011.7178683
3 1685609011.7258108
3 1685609011.7325459


t:  72


0 1685609011.8387356
0 1685609011.8388846
0 1685609011.840509
1 1685609011.841239
1 1685609011.8413744
1 1685609011.842033
2 1685609011.8424783
2 1685609011.8426046
2 1685609011.843214
3 1685609011.8437276
3 1685609011.8438344
3 1685609011.879773


t:  73


0 1685609012.0156696
0 1685609012.0433297
0 1685609012.0809138
1 1685609012.0816405
1 1685609012.0817907
1 1685609012.0824368
2 1685609012.0831866
2 1685609012.083345
2 1685609012.0850444
3 1685609012.1200936
3 1685609012.120272
3 1685609012.1212509


t:  74


0 1685609012.4243844
0 1685609012.4245496
0 1685609012.4835763
1 1685609012.4855583
1 1685609012.5043917
1 1685609012.5057352
2 1685609012.5067298
2 1685609012.5069072
2 1685609012.5085301
3 1685609012.5960414
3 1685609012.5962746
3 1685609012.6114497


t:  75


0 1685609012.6804974
0 1685609012.6806204
0 1685609012.6815846
1 1685609012.7150085
1 1685609012.7151997
1 1685609012.7164807
2 1685609012.7172704
2 1685609012.7174084
2 1685609012.7182562
3 1685609012.7979481
3 1685609012.7980838
3 1685609012.800024


t:  76


0 1685609012.9044464
0 1685609012.9045637
0 1685609012.9055045
1 1685609012.9542284
1 1685609012.9577742
1 1685609012.9609632
2 1685609013.0642593
2 1685609013.0646172
2 1685609013.065842
3 1685609013.067001
3 1685609013.1859004
3 1685609013.1874187


t:  77


0 1685609013.3203194
0 1685609013.3205125
0 1685609013.322857
1 1685609013.3606236
1 1685609013.401581
1 1685609013.4080105
2 1685609013.4095345
2 1685609013.4303715
2 1685609013.439438
3 1685609013.440081
3 1685609013.4401965
3 1685609013.440902


t:  78


0 1685609013.5795405
0 1685609013.5960522
0 1685609013.6006548
1 1685609013.6453621
1 1685609013.7755523
1 1685609013.7766438
2 1685609013.7776306
2 1685609013.7777896
2 1685609013.778693
3 1685609013.8326495
3 1685609013.8328154
3 1685609013.8447385


t:  79


0 1685609013.9473495
0 1685609013.9475684
0 1685609013.9517992
1 1685609013.954101
1 1685609013.954315
1 1685609013.9554708
2 1685609014.0067456
2 1685609014.0111673
2 1685609014.0135164
3 1685609014.0142121
3 1685609014.0143507
3 1685609014.1058977


t:  80


0 1685609014.35429
0 1685609014.3604362
0 1685609014.3907173
1 1685609014.4377868
1 1685609014.4382052
1 1685609014.439183
2 1685609014.4401052
2 1685609014.4606795
2 1685609014.4623425
3 1685609014.4632893
3 1685609014.4634352
3 1685609014.4641964


t:  81


0 1685609014.616203
0 1685609014.616403
0 1685609014.6174057
1 1685609014.6182957
1 1685609014.6187189
1 1685609014.6270962
2 1685609014.650058
2 1685609014.6503053
2 1685609014.6514187
3 1685609014.6520452
3 1685609014.659994
3 1685609014.661326


t:  82


0 1685609014.7783377
0 1685609014.7838187
0 1685609014.8176785
1 1685609014.8565032
1 1685609014.8573942
1 1685609014.8602135
2 1685609014.9599102
2 1685609014.9772298
2 1685609014.9994454
3 1685609015.0159984
3 1685609015.0699968
3 1685609015.0714629


t:  83


0 1685609015.2949975
0 1685609015.2952118
0 1685609015.2961738
1 1685609015.2970037
1 1685609015.2974036
1 1685609015.298348
2 1685609015.4603865
2 1685609015.4658349
2 1685609015.4671302
3 1685609015.468387
3 1685609015.4747999
3 1685609015.4763613


t:  84


0 1685609015.6228497
0 1685609015.6230175
0 1685609015.6242206
1 1685609015.625612
1 1685609015.6258354
1 1685609015.6520302
2 1685609015.6876338
2 1685609015.7859702
2 1685609015.7887764
3 1685609015.9471028
3 1685609015.9473653
3 1685609016.133973


t:  85


0 1685609016.211729
0 1685609016.212092
0 1685609016.213566
1 1685609016.216346
1 1685609016.2379196
1 1685609016.246655
2 1685609016.281341
2 1685609016.2817006
2 1685609016.2843783
3 1685609016.286171
3 1685609016.2864962
3 1685609016.2900052


t:  86


0 1685609016.433365
0 1685609016.433486
0 1685609016.4345722
1 1685609016.4399939
1 1685609016.440149
1 1685609016.4409893
2 1685609016.4420476
2 1685609016.4421694
2 1685609016.442908
3 1685609016.4766939
3 1685609016.476872
3 1685609016.478047


t:  87


0 1685609016.5592985
0 1685609016.559427
0 1685609016.6290028
1 1685609016.75763
1 1685609016.7578156
1 1685609016.7601764
2 1685609016.793761
2 1685609016.7939558
2 1685609016.7950647
3 1685609016.7966065
3 1685609016.8087068
3 1685609016.8097925


t:  88


0 1685609017.031557
0 1685609017.0707939
0 1685609017.0727699
1 1685609017.1104572
1 1685609017.1635919
1 1685609017.1647432
2 1685609017.1710231
2 1685609017.1796925
2 1685609017.2379458
3 1685609017.2387936
3 1685609017.310025
3 1685609017.3314588


t:  89


0 1685609017.5251455
0 1685609017.5584679
0 1685609017.5598419
1 1685609017.5647695
1 1685609017.5649
1 1685609017.5660677
2 1685609017.615541
2 1685609017.731553
2 1685609017.7329297
3 1685609017.7564614
3 1685609017.7576404
3 1685609017.7607439


t:  90


0 1685609018.0201688
0 1685609018.020347
0 1685609018.0213017
1 1685609018.0310102
1 1685609018.0311756
1 1685609018.0368955
2 1685609018.0790708
2 1685609018.119172
2 1685609018.1237848
3 1685609018.1249373
3 1685609018.1251376
3 1685609018.2530274


t:  91


0 1685609018.4843705
0 1685609018.4845786
0 1685609018.4860551
1 1685609018.4871528
1 1685609018.4873369
1 1685609018.4884882
2 1685609018.5049763
2 1685609018.5052583
2 1685609018.507326
3 1685609018.5090194
3 1685609018.5093179
3 1685609018.541669


t:  92


0 1685609018.6416888
0 1685609018.641969
0 1685609018.64366
1 1685609018.650422
1 1685609018.6506648
1 1685609018.6530027
2 1685609018.6543176
2 1685609018.6546423
2 1685609018.845479
3 1685609018.8635726
3 1685609018.8638783
3 1685609018.9161544


t:  93


0 1685609018.970439
0 1685609018.9981134
0 1685609019.0186746
1 1685609019.020945
1 1685609019.0375729
1 1685609019.03885
2 1685609019.0401456
2 1685609019.0466413
2 1685609019.1053526
3 1685609019.1123025
3 1685609019.119393
3 1685609019.1203752


t:  94


0 1685609019.138858
0 1685609019.1390007
0 1685609019.1405659
1 1685609019.1437364
1 1685609019.1439326
1 1685609019.1451814
2 1685609019.1585236
2 1685609019.158839
2 1685609019.1635063
3 1685609019.1648088
3 1685609019.1649992
3 1685609019.1664038


t:  95


0 1685609019.3247757
0 1685609019.3250003
0 1685609019.326058
1 1685609019.3268983
1 1685609019.338499
1 1685609019.3397858
2 1685609019.3413897
2 1685609019.3415458
2 1685609019.3917606
3 1685609019.4015486
3 1685609019.4286308
3 1685609019.4613194


t:  96


0 1685609019.569337
0 1685609019.6011944
0 1685609019.6025157
1 1685609019.678912
1 1685609019.6790912
1 1685609019.6801252
2 1685609019.6811569
2 1685609019.6813262
2 1685609019.6821218
3 1685609019.6830258
3 1685609019.6831658
3 1685609019.7013586


t:  97


0 1685609019.7642028
0 1685609019.764391
0 1685609019.7799892
1 1685609019.8247507
1 1685609019.8249633
1 1685609019.8262787
2 1685609019.8294075
2 1685609019.8295627
2 1685609019.8304584
3 1685609019.8314738
3 1685609019.8383465
3 1685609019.853843


t:  98


0 1685609019.9141166
0 1685609019.9142773
0 1685609019.9238083
1 1685609019.9247942
1 1685609019.9249585
1 1685609020.0535493
2 1685609020.0704887
2 1685609020.0943804
2 1685609020.1927743
3 1685609020.1963475
3 1685609020.1964808
3 1685609020.1980648


t:  99


0 1685609020.301627
0 1685609020.3017504
0 1685609020.3086755
1 1685609020.3103755
1 1685609020.3194683
1 1685609020.3736556
2 1685609020.376009
2 1685609020.404
2 1685609020.589953
3 1685609020.6437612
3 1685609020.6732445
3 1685609020.674561
done
(base) ]0;steven@steven-VirtualBox: ~/catkin_ws/src/controller_py/src[01;32msteven@steven-VirtualBox[00m:[01;34m~/catkin_ws/src/controller_py/src[00m$ exit
exit

Script done on 2023-06-01 10:43:45+02:00 [COMMAND_EXIT_CODE="0"]
