t:  0


0 1685609289.4811275
0 1685609289.4813473
0 1685609289.5555682
1 1685609289.55707
1 1685609289.6464796
1 1685609289.6736593
2 1685609289.6739876
2 1685609289.688392
2 1685609289.6893349
3 1685609289.7129138
3 1685609289.7130835
3 1685609289.714562
4 1685609289.714844
4 1685609289.729813
4 1685609289.7322547
5 1685609289.7389588
5 1685609289.8209515
5 1685609289.8646185
6 1685609289.8720484
6 1685609289.872181
6 1685609289.8728566
7 1685609289.9050503
7 1685609289.9096801
7 1685609289.9107068


t:  1


0 1685609290.7720711
0 1685609290.8750362
0 1685609290.8758988
1 1685609290.8765097
1 1685609290.876644
1 1685609290.877208
2 1685609290.8777556
2 1685609290.8778946
2 1685609291.0065832
3 1685609291.0067663
3 1685609291.023703
3 1685609291.0245323
4 1685609291.024878
4 1685609291.0249991
4 1685609291.0727777
5 1685609291.1409569
5 1685609291.155753
5 1685609291.1598306
6 1685609291.167073
6 1685609291.1722398
6 1685609291.1750524
7 1685609291.188375
7 1685609291.1885147
7 1685609291.1892726


t:  2


0 1685609291.255607
0 1685609291.2557218
0 1685609291.2596698
1 1685609291.3283052
1 1685609291.3284285
1 1685609291.3290653
2 1685609291.3295877
2 1685609291.3297682
2 1685609291.3723273
3 1685609291.3862615
3 1685609291.3916476
3 1685609291.3979487
4 1685609291.4887443
4 1685609291.4888637
4 1685609291.4896505
5 1685609291.496094
5 1685609291.4964359
5 1685609291.5181186
6 1685609291.5261898
6 1685609291.526572
6 1685609291.5281498
7 1685609291.6536493
7 1685609291.653777
7 1685609291.654888


t:  3


0 1685609292.1421664
0 1685609292.233539
0 1685609292.290266
1 1685609292.2948802
1 1685609292.3012378
1 1685609292.3210654
2 1685609292.5347345
2 1685609292.5348785
2 1685609292.5358014
3 1685609292.53674
3 1685609292.5368843
3 1685609292.537535
4 1685609292.6221879
4 1685609292.6227827
4 1685609292.6256003
5 1685609292.6315894
5 1685609292.631744
5 1685609292.6334188
6 1685609292.634108
6 1685609292.634219
6 1685609292.6351478
7 1685609293.1760576
7 1685609293.1873658
7 1685609293.1882553


t:  4


0 1685609293.4786642
0 1685609293.478941
0 1685609293.622609
1 1685609293.629507
1 1685609293.794978
1 1685609293.9031408
2 1685609293.920785
2 1685609293.9208968
2 1685609293.9218464
3 1685609293.922653
3 1685609293.9227622
3 1685609293.9235628
4 1685609293.9679062
4 1685609293.9680583
4 1685609293.9717944
5 1685609293.9724197
5 1685609293.9725168
5 1685609294.0212786
6 1685609294.0455492
6 1685609294.0456882
6 1685609294.0841296
7 1685609294.0859487
7 1685609294.0861359
7 1685609294.0878963


t:  5


0 1685609294.2502546
0 1685609294.4601083
0 1685609294.4864612
1 1685609294.487171
1 1685609294.4873147
1 1685609294.4885902
2 1685609294.4890773
2 1685609294.4904995
2 1685609294.4916189
3 1685609294.494668
3 1685609294.4947574
3 1685609294.495354
4 1685609294.5357816
4 1685609294.5359206
4 1685609294.5365984
5 1685609294.5664344
5 1685609294.5665662
5 1685609294.56746
6 1685609294.5682547
6 1685609294.6302152
6 1685609294.6309407
7 1685609294.7580903
7 1685609294.7788038
7 1685609294.7796037


t:  6


0 1685609294.8658178
0 1685609294.865938
0 1685609294.8670342
1 1685609295.0808022
1 1685609295.0810492
1 1685609295.0821817
2 1685609295.1192386
2 1685609295.2365575
2 1685609295.3383093
3 1685609295.3390326
3 1685609295.3926463
3 1685609295.395708
4 1685609295.6310565
4 1685609295.6363535
4 1685609295.6371975
5 1685609295.6461258
5 1685609295.8216681
5 1685609295.8225617
6 1685609295.840755
6 1685609295.8409183
6 1685609295.8418689
7 1685609295.8426776
7 1685609295.8428495
7 1685609295.8436985


t:  7


0 1685609295.912174
0 1685609295.9123507
0 1685609295.9130623
1 1685609296.034649
1 1685609296.1490197
1 1685609296.1501424
2 1685609296.2770734
2 1685609296.277203
2 1685609296.278579
3 1685609296.440138
3 1685609296.4402452
3 1685609296.4414093
4 1685609296.4418607
4 1685609296.4419408
4 1685609296.4732234
5 1685609296.5153995
5 1685609296.6250198
5 1685609296.8722322
6 1685609296.9450712
6 1685609297.0887814
6 1685609297.0897095
7 1685609297.090829
7 1685609297.0909553
7 1685609297.0915573


t:  8


0 1685609297.3775249
0 1685609297.377625
0 1685609297.3807225
1 1685609297.381429
1 1685609297.3815536
1 1685609297.3876524
2 1685609297.3888097
2 1685609297.557162
2 1685609297.606055
3 1685609297.6393657
3 1685609297.6394708
3 1685609297.640205
4 1685609297.6407719
4 1685609297.6408613
4 1685609297.6414535
5 1685609297.6419194
5 1685609297.6420264
5 1685609297.6432338
6 1685609297.767401
6 1685609297.827304
6 1685609297.896338
7 1685609297.897281
7 1685609297.8974028
7 1685609297.898142


t:  9


0 1685609298.8472347
0 1685609298.87312
0 1685609298.8991601
1 1685609298.9048798
1 1685609298.9050252
1 1685609298.9058878
2 1685609298.9064837
2 1685609298.9066155
2 1685609299.0261576
3 1685609299.041711
3 1685609299.0419078
3 1685609299.0428526
4 1685609299.0436635
4 1685609299.0438323
4 1685609299.1785522
5 1685609299.2699783
5 1685609299.2700977
5 1685609299.2710326
6 1685609299.2719634
6 1685609299.2721477
6 1685609299.4172125
7 1685609299.4181445
7 1685609299.444236
7 1685609299.4483876


t:  10


0 1685609299.9634466
0 1685609299.9635863
0 1685609299.9644694
1 1685609299.9650445
1 1685609299.9651504
1 1685609299.9710302
2 1685609299.9875886
2 1685609299.987722
2 1685609299.9885452
3 1685609299.989083
3 1685609299.9892168
3 1685609299.9899158
4 1685609300.0258207
4 1685609300.0261016
4 1685609300.0272686
5 1685609300.027855
5 1685609300.028008
5 1685609300.0287328
6 1685609300.0294902
6 1685609300.0296187
6 1685609300.0306137
7 1685609300.2776573
7 1685609300.2778502
7 1685609300.2788513


t:  11


0 1685609300.6683044
0 1685609300.6995397
0 1685609300.7376244
1 1685609300.7382298
1 1685609300.743413
1 1685609300.7440646
2 1685609300.7447593
2 1685609300.7448525
2 1685609300.7454708
3 1685609300.7459755
3 1685609300.7460783
3 1685609300.8040736
4 1685609300.8056498
4 1685609300.805902
4 1685609300.8070445
5 1685609300.8450716
5 1685609300.8818743
5 1685609300.8831334
6 1685609300.8842971
6 1685609300.8844178
6 1685609300.8853717
7 1685609300.97675
7 1685609301.1175623
7 1685609301.2412765


t:  12


0 1685609301.5285106
0 1685609301.528771
0 1685609301.614479
1 1685609301.615195
1 1685609301.615345
1 1685609301.6161206
2 1685609301.616573
2 1685609301.6167605
2 1685609301.617361
3 1685609301.63001
3 1685609301.6369822
3 1685609301.6382508
4 1685609301.753176
4 1685609301.7801754
4 1685609301.7811263
5 1685609301.8139656
5 1685609301.8141935
5 1685609301.8148823
6 1685609301.8164065
6 1685609301.8166497
6 1685609301.908962
7 1685609301.9131212
7 1685609301.9132562
7 1685609301.9140763


t:  13


0 1685609302.009749
0 1685609302.009892
0 1685609302.0164573
1 1685609302.0171156
1 1685609302.0172274
1 1685609302.0178847
2 1685609302.0315952
2 1685609302.0317028
2 1685609302.0325346
3 1685609302.2275245
3 1685609302.227733
3 1685609302.2287424
4 1685609302.2293756
4 1685609302.2295377
4 1685609302.2302234
5 1685609302.3132002
5 1685609302.3133352
5 1685609302.3151274
6 1685609302.3776407
6 1685609302.377811
6 1685609302.378524
7 1685609302.3799353
7 1685609302.4127297
7 1685609302.4134793


t:  14


0 1685609302.4803915
0 1685609302.4805214
0 1685609302.51207
1 1685609302.5129554
1 1685609302.6106806
1 1685609302.635567
2 1685609302.6371388
2 1685609302.6894631
2 1685609302.690472
3 1685609302.691631
3 1685609302.6917982
3 1685609302.6926649
4 1685609302.7385309
4 1685609302.7387252
4 1685609302.740291
5 1685609302.8752515
5 1685609302.8753645
5 1685609302.8761792
6 1685609302.9498851
6 1685609302.9499934
6 1685609302.9506965
7 1685609302.9527276
7 1685609302.9528625
7 1685609302.9537146


t:  15


0 1685609303.0481482
0 1685609303.0483196
0 1685609303.1017818
1 1685609303.119826
1 1685609303.1199605
1 1685609303.1209335
2 1685609303.232595
2 1685609303.2744162
2 1685609303.3934977
3 1685609303.455794
3 1685609303.455942
3 1685609303.4689114
4 1685609303.470489
4 1685609303.470596
4 1685609303.6147285
5 1685609303.6154013
5 1685609303.615492
5 1685609303.6161003
6 1685609303.6166646
6 1685609303.621895
6 1685609303.6226737
7 1685609303.6232605
7 1685609303.6234121
7 1685609303.6446302


t:  16


0 1685609304.0862973
0 1685609304.0863974
0 1685609304.2333708
1 1685609304.276086
1 1685609304.2764132
1 1685609304.290631
2 1685609304.3149033
2 1685609304.3150356
2 1685609304.3175511
3 1685609304.3180418
3 1685609304.318129
3 1685609304.3186405
4 1685609304.318993
4 1685609304.3190744
4 1685609304.3195796
5 1685609304.534624
5 1685609304.5347486
5 1685609304.5355778
6 1685609304.5362113
6 1685609304.5362966
6 1685609304.5369897
7 1685609304.5376089
7 1685609304.5377433
7 1685609304.6534317


t:  17


0 1685609304.9007933
0 1685609304.9009576
0 1685609304.9653986
1 1685609305.032974
1 1685609305.0331879
1 1685609305.03622
2 1685609305.0368464
2 1685609305.0369904
2 1685609305.2620633
3 1685609305.262703
3 1685609305.4193203
3 1685609305.7254448
4 1685609305.726461
4 1685609305.726596
4 1685609305.733525
5 1685609305.8129447
5 1685609305.8132267
5 1685609305.8144078
6 1685609305.8461525
6 1685609305.8462718
6 1685609305.8822134
7 1685609305.9964428
7 1685609305.9965482
7 1685609306.002584


t:  18


0 1685609306.1455927
0 1685609306.1457133
0 1685609306.1673074
1 1685609306.168035
1 1685609306.187224
1 1685609306.191319
2 1685609306.2152562
2 1685609306.2406821
2 1685609306.2419336
3 1685609306.288053
3 1685609306.2881765
3 1685609306.3035643
4 1685609306.3045692
4 1685609306.3047552
4 1685609306.3575299
5 1685609306.3590457
5 1685609306.359184
5 1685609306.477831
6 1685609306.478393
6 1685609306.4784813
6 1685609306.5190723
7 1685609306.5577276
7 1685609306.5578532
7 1685609306.564689


t:  19


0 1685609307.013821
0 1685609307.0139403
0 1685609307.0159903
1 1685609307.0164783
1 1685609307.0165744
1 1685609307.0171216
2 1685609307.017497
2 1685609307.0175834
2 1685609307.018093
3 1685609307.2389302
3 1685609307.2390664
3 1685609307.241003
4 1685609307.2422926
4 1685609307.2424212
4 1685609307.3144848
5 1685609307.3899279
5 1685609307.3902369
5 1685609307.3919609
6 1685609307.4176316
6 1685609307.4178813
6 1685609307.60414
7 1685609307.6050224
7 1685609307.6051831
7 1685609307.8601394


t:  20


0 1685609308.039957
0 1685609308.06658
0 1685609308.0732324
1 1685609308.1833105
1 1685609308.2155902
1 1685609308.3365743
2 1685609308.4986668
2 1685609308.627254
2 1685609308.8018954
3 1685609308.8027496
3 1685609308.803082
3 1685609309.0270798
4 1685609309.0287445
4 1685609309.039132
4 1685609309.0406196
5 1685609309.3992193
5 1685609309.4802885
5 1685609309.4817822
6 1685609309.4959826
6 1685609309.4962163
6 1685609309.5404716
7 1685609309.5675275
7 1685609309.599105
7 1685609309.6306415


t:  21


0 1685609310.166856
0 1685609310.1669745
0 1685609310.1680627
1 1685609310.227059
1 1685609310.2480693
1 1685609310.2945724
2 1685609310.3008058
2 1685609310.4428406
2 1685609310.4436495
3 1685609310.6298273
3 1685609310.6299758
3 1685609310.6307592
4 1685609310.631658
4 1685609310.6317928
4 1685609310.6326969
5 1685609310.9288087
5 1685609310.9461882
5 1685609310.985662
6 1685609311.0486908
6 1685609311.1829908
6 1685609311.2982204
7 1685609311.3308616
7 1685609311.578794
7 1685609311.579852


t:  22


0 1685609312.1214466
0 1685609312.1274767
0 1685609312.128697
1 1685609312.2428932
1 1685609312.291385
1 1685609312.3298316
2 1685609312.3968031
2 1685609312.42
2 1685609312.4413826
3 1685609312.4616766
3 1685609312.5953827
3 1685609312.5966008
4 1685609312.597588
4 1685609312.5977464
4 1685609312.6474905
5 1685609312.6487908
5 1685609312.7728057
5 1685609312.773689
6 1685609312.7748804
6 1685609312.775059
6 1685609312.7812698
7 1685609312.8062184
7 1685609312.8063698
7 1685609312.8073635


t:  23


0 1685609312.8772905
0 1685609312.877429
0 1685609312.8788486
1 1685609312.879736
1 1685609312.8798409
1 1685609312.9279022
2 1685609313.091048
2 1685609313.0911844
2 1685609313.092115
3 1685609313.0927796
3 1685609313.0929306
3 1685609313.0937507
4 1685609313.4328585
4 1685609313.4330912
4 1685609313.498053
5 1685609313.5599847
5 1685609313.7209432
5 1685609313.7216637
6 1685609313.7239814
6 1685609313.7241533
6 1685609313.7251706
7 1685609313.7259765
7 1685609313.7260816
7 1685609313.726705


t:  24


0 1685609313.9578967
0 1685609313.958055
0 1685609313.958767
1 1685609313.9592822
1 1685609313.959386
1 1685609313.9600053
2 1685609314.0963755
2 1685609314.18877
2 1685609314.2108
3 1685609314.2120674
3 1685609314.2123263
3 1685609314.2725484
4 1685609314.3488033
4 1685609314.4737525
4 1685609314.4749532
5 1685609314.7464051
5 1685609314.7465386
5 1685609314.7474167
6 1685609315.0194554
6 1685609315.019548
6 1685609315.0204308
7 1685609315.0217664
7 1685609315.0240731
7 1685609315.025033


t:  25


0 1685609315.9381611
0 1685609315.9383283
0 1685609315.9392157
1 1685609315.945188
1 1685609315.9585865
1 1685609315.9784496
2 1685609316.0799677
2 1685609316.0801377
2 1685609316.101937
3 1685609316.1455562
3 1685609316.1457934
3 1685609316.1482265
4 1685609316.1543121
4 1685609316.1545765
4 1685609316.1559577
5 1685609316.2324505
5 1685609316.317635
5 1685609316.5411022
6 1685609316.541988
6 1685609316.6820471
6 1685609316.8973744
7 1685609317.0853546
7 1685609317.1695092
7 1685609317.1708484


t:  26


0 1685609317.2193413
0 1685609317.2195187
0 1685609317.220889
1 1685609317.4265082
1 1685609317.426793
1 1685609317.4498868
2 1685609317.4507246
2 1685609317.4509134
2 1685609317.4578352
3 1685609317.5422575
3 1685609317.6183527
3 1685609317.673781
4 1685609317.6744456
4 1685609317.6745644
4 1685609317.7112796
5 1685609317.7125347
5 1685609317.7126935
5 1685609317.7136621
6 1685609317.7149894
6 1685609317.7748125
6 1685609317.7765868
7 1685609317.8124263
7 1685609317.8126094
7 1685609317.814556


t:  27


0 1685609318.2692344
0 1685609318.2694016
0 1685609318.2717059
1 1685609318.2794693
1 1685609318.32834
1 1685609318.329946
2 1685609318.3316534
2 1685609318.332307
2 1685609318.3347428
3 1685609318.336698
3 1685609318.33713
3 1685609318.339993
4 1685609318.4392807
4 1685609318.4656553
4 1685609318.4721236
5 1685609318.5156827
5 1685609318.5159118
5 1685609318.5168703
6 1685609318.5175314
6 1685609318.5177262
6 1685609318.518627
7 1685609318.8128872
7 1685609318.813051
7 1685609318.815215


t:  28


0 1685609319.4153256
0 1685609319.415473
0 1685609319.4165459
1 1685609319.6506975
1 1685609319.650876
1 1685609319.651694
2 1685609319.652577
2 1685609319.652716
2 1685609319.6536877
3 1685609319.7025363
3 1685609319.7027147
3 1685609319.7041101
4 1685609319.7123797
4 1685609319.7125962
4 1685609319.9900596
5 1685609319.9907112
5 1685609320.470578
5 1685609320.475347
6 1685609320.5450294
6 1685609320.545208
6 1685609320.556955
7 1685609320.5581355
7 1685609320.5583
7 1685609320.579722


t:  29


0 1685609320.8422973
0 1685609320.8424652
0 1685609320.8433
1 1685609320.95004
1 1685609320.9501724
1 1685609320.9511569
2 1685609320.9522462
2 1685609320.952386
2 1685609320.9531558
3 1685609320.953857
3 1685609320.953967
3 1685609320.9547858
4 1685609320.9562962
4 1685609320.9998643
4 1685609321.0010736
5 1685609321.0322871
5 1685609321.0324235
5 1685609321.330756
6 1685609321.384401
6 1685609321.3845973
6 1685609321.3855274
7 1685609321.3875654
7 1685609321.3876853
7 1685609321.3886507


t:  30


0 1685609321.8040962
0 1685609321.8042367
0 1685609321.9025183
1 1685609322.0405803
1 1685609322.0407534
1 1685609322.0426195
2 1685609322.0507598
2 1685609322.746495
2 1685609322.7473161
3 1685609322.7789247
3 1685609322.894693
3 1685609322.896477
4 1685609322.8974512
4 1685609322.8977797
4 1685609322.8985019
5 1685609323.0380242
5 1685609323.087375
5 1685609323.1719997
6 1685609323.2853043
6 1685609323.2854836
6 1685609323.286497
7 1685609323.2872484
7 1685609323.2873821
7 1685609323.2888663


t:  31


0 1685609323.464264
0 1685609323.4645026
0 1685609323.4659462
1 1685609323.5545325
1 1685609323.554701
1 1685609323.5560005
2 1685609323.556619
2 1685609323.5567589
2 1685609323.5573623
3 1685609323.557826
3 1685609323.5579295
3 1685609323.5585616
4 1685609323.5589998
4 1685609323.5591705
4 1685609323.5598207
5 1685609323.6248574
5 1685609323.633369
5 1685609323.6344123
6 1685609323.6360974
6 1685609323.6365495
6 1685609323.637724
7 1685609323.662406
7 1685609323.662562
7 1685609323.6644924


t:  32


0 1685609323.7824605
0 1685609323.7826557
0 1685609323.7838554
1 1685609323.8912292
1 1685609323.8913994
1 1685609323.8925328
2 1685609324.302398
2 1685609324.3025289
2 1685609324.30377
3 1685609324.577171
3 1685609324.5774148
3 1685609324.5794027
4 1685609324.9193878
4 1685609324.9195573
4 1685609324.9206252
5 1685609325.0163243
5 1685609325.0164607
5 1685609325.017298
6 1685609325.0180101
6 1685609325.0181973
6 1685609325.0194411
7 1685609325.0203142
7 1685609325.0204554
7 1685609325.1089087


t:  33


0 1685609325.2662246
0 1685609325.2663536
0 1685609325.2672858
1 1685609325.267856
1 1685609325.2680936
1 1685609325.2689836
2 1685609325.3013148
2 1685609325.3015068
2 1685609325.3025591
3 1685609325.304428
3 1685609325.3051865
3 1685609325.3287454
4 1685609325.3299212
4 1685609325.3301146
4 1685609325.5282454
5 1685609325.6586204
5 1685609325.6588404
5 1685609325.660288
6 1685609325.7641752
6 1685609326.0560489
6 1685609326.3195562
7 1685609326.320989
7 1685609326.3212116
7 1685609326.321992


t:  34


0 1685609326.8743577
0 1685609326.8744833
0 1685609326.894336
1 1685609327.0209882
1 1685609327.0211825
1 1685609327.0221484
2 1685609327.022976
2 1685609327.1666884
2 1685609327.1681044
3 1685609327.1695313
3 1685609327.1697214
3 1685609327.1704504
4 1685609327.3300848
4 1685609327.33023
4 1685609327.3314373
5 1685609327.9908235
5 1685609328.0228634
5 1685609328.0301244
6 1685609328.0738473
6 1685609328.212888
6 1685609328.213794
7 1685609328.2148101
7 1685609328.214954
7 1685609328.3350933


t:  35


0 1685609328.9964037
0 1685609329.0443792
0 1685609329.0454614
1 1685609329.1447303
1 1685609329.272821
1 1685609329.3499658
2 1685609329.5092692
2 1685609329.7006183
2 1685609329.7377439
3 1685609329.7398105
3 1685609329.8612103
3 1685609329.8623302
4 1685609329.8635285
4 1685609329.8636677
4 1685609329.8956761
5 1685609330.038059
5 1685609330.072117
5 1685609330.0731072
6 1685609330.0738206
6 1685609330.0739639
6 1685609330.0747843
7 1685609330.0754619
7 1685609330.075569
7 1685609330.0764718


t:  36


0 1685609330.5048325
0 1685609330.5049505
0 1685609330.5337718
1 1685609330.534481
1 1685609330.5345953
1 1685609330.535357
2 1685609330.6188383
2 1685609330.618993
2 1685609330.6521947
3 1685609330.6538112
3 1685609330.6539507
3 1685609330.6561422
4 1685609330.6567707
4 1685609330.6569045
4 1685609330.658771
5 1685609330.6976273
5 1685609330.7272089
5 1685609330.7777417
6 1685609330.7799292
6 1685609330.7800944
6 1685609330.9859056
7 1685609331.048885
7 1685609331.0492396
7 1685609331.0504909


t:  37


0 1685609331.1151214
0 1685609331.1152866
0 1685609331.156822
1 1685609331.2576928
1 1685609331.2586317
1 1685609331.2622857
2 1685609331.2963693
2 1685609331.296624
2 1685609331.313712
3 1685609331.3143754
3 1685609331.5397878
3 1685609331.541333
4 1685609331.543523
4 1685609331.5438502
4 1685609331.7855518
5 1685609331.7864864
5 1685609331.7866066
5 1685609331.7875078
6 1685609331.7881544
6 1685609331.788265
6 1685609331.8444173
7 1685609331.8602252
7 1685609331.8604157
7 1685609331.8675065


t:  38


0 1685609332.04142
0 1685609332.173363
0 1685609332.1753535
1 1685609332.1774633
1 1685609332.2111723
1 1685609332.212886
2 1685609332.3166616
2 1685609332.3282204
2 1685609332.330155
3 1685609332.3309407
3 1685609332.331066
3 1685609332.4063308
4 1685609332.407113
4 1685609332.4072778
4 1685609332.4083724
5 1685609332.4644818
5 1685609332.5086699
5 1685609332.5104735
6 1685609332.570943
6 1685609332.5710945
6 1685609332.5720358
7 1685609332.573047
7 1685609332.5731905
7 1685609332.5751853


t:  39


0 1685609332.6843615
0 1685609332.6844838
0 1685609332.685318
1 1685609332.6868558
1 1685609332.6870239
1 1685609332.6878133
2 1685609332.936039
2 1685609332.9362378
2 1685609332.9375331
3 1685609332.9383068
3 1685609333.1889668
3 1685609333.226318
4 1685609333.4245582
4 1685609333.4247231
4 1685609333.4258718
5 1685609333.4596045
5 1685609333.45991
5 1685609333.5278287
6 1685609333.5476537
6 1685609333.5479102
6 1685609333.565311
7 1685609333.730321
7 1685609333.730501
7 1685609333.731517


t:  40


0 1685609334.5536335
0 1685609334.5537944
0 1685609334.61202
1 1685609334.6138515
1 1685609334.614116
1 1685609334.6152449
2 1685609334.616132
2 1685609334.6163208
2 1685609334.6174226
3 1685609334.6593459
3 1685609334.6813416
3 1685609334.833326
4 1685609334.87162
4 1685609334.9089942
4 1685609334.9099207
5 1685609334.931305
5 1685609334.9314342
5 1685609334.9322815
6 1685609334.9828794
6 1685609334.9830158
6 1685609334.9842794
7 1685609334.9852097
7 1685609334.985329
7 1685609334.9860713


t:  41


0 1685609335.5549138
0 1685609335.555052
0 1685609335.668264
1 1685609335.6689684
1 1685609335.6690774
1 1685609335.6697738
2 1685609335.670452
2 1685609335.6705856
2 1685609335.7768216
3 1685609335.8052928
3 1685609335.909533
3 1685609335.9126694
4 1685609335.913851
4 1685609335.914055
4 1685609335.9160225
5 1685609336.0779097
5 1685609336.0780935
5 1685609336.1798437
6 1685609336.181208
6 1685609336.2741916
6 1685609336.2755146
7 1685609336.2762496
7 1685609336.276371
7 1685609336.2771423


t:  42


0 1685609336.444391
0 1685609336.4445307
0 1685609336.4454534
1 1685609336.4785945
1 1685609336.478754
1 1685609336.4803958
2 1685609336.5798435
2 1685609336.580012
2 1685609336.5817065
3 1685609336.5826993
3 1685609336.582857
3 1685609336.584987
4 1685609336.5962732
4 1685609336.596403
4 1685609336.8022656
5 1685609336.8030498
5 1685609336.803187
5 1685609336.8040733
6 1685609336.8047237
6 1685609336.8294234
6 1685609336.8303313
7 1685609336.8314483
7 1685609336.8461173
7 1685609336.9887772


t:  43


0 1685609337.4823892
0 1685609337.4826307
0 1685609337.57954
1 1685609337.5803063
1 1685609337.5804522
1 1685609337.5817392
2 1685609337.5826728
2 1685609337.5828257
2 1685609337.6283393
3 1685609337.6290605
3 1685609337.6291764
3 1685609337.6729329
4 1685609337.8437066
4 1685609338.136459
4 1685609338.5051932
5 1685609338.5114038
5 1685609338.6349757
5 1685609338.7085302
6 1685609338.710052
6 1685609338.7101688
6 1685609338.712405
7 1685609338.7131374
7 1685609338.7132509
7 1685609338.7307446


t:  44


0 1685609338.8453796
0 1685609338.8455405
0 1685609338.8466232
1 1685609338.8650038
1 1685609338.8651786
1 1685609338.976701
2 1685609338.977422
2 1685609338.9775395
2 1685609338.9782774
3 1685609339.0550618
3 1685609339.0552192
3 1685609339.181186
4 1685609339.1821125
4 1685609339.1822872
4 1685609339.3139281
5 1685609339.3146431
5 1685609339.3148124
5 1685609339.3157372
6 1685609339.3175633
6 1685609339.3935666
6 1685609339.4709592
7 1685609339.4717977
7 1685609339.472016
7 1685609339.4729154


t:  45


0 1685609339.5702863
0 1685609339.5704317
0 1685609339.571256
1 1685609339.5717385
1 1685609339.5718417
1 1685609339.572514
2 1685609339.5732827
2 1685609339.5734243
2 1685609339.5740736
3 1685609339.5745106
3 1685609339.5746279
3 1685609339.5752156
4 1685609339.5756834
4 1685609339.5758066
4 1685609339.6385949
5 1685609339.7152402
5 1685609339.7597768
5 1685609339.7612038
6 1685609339.7792256
6 1685609339.7795005
6 1685609339.7809274
7 1685609339.965046
7 1685609340.0813332
7 1685609340.1301033


t:  46


0 1685609340.4213908
0 1685609340.4215229
0 1685609340.422748
1 1685609340.530064
1 1685609340.600057
1 1685609340.600905
2 1685609340.604147
2 1685609340.6043446
2 1685609340.6052353
3 1685609340.707452
3 1685609340.7076685
3 1685609340.7092328
4 1685609340.7650166
4 1685609340.7705104
4 1685609340.7713423
5 1685609340.7727296
5 1685609340.772901
5 1685609340.7771497
6 1685609340.9061778
6 1685609340.9063537
6 1685609340.9079401
7 1685609340.9123988
7 1685609340.9125836
7 1685609341.0198317


t:  47


0 1685609341.377768
0 1685609341.4697905
0 1685609341.4705892
1 1685609341.4713595
1 1685609341.471529
1 1685609341.4723973
2 1685609341.472988
2 1685609341.473096
2 1685609341.473823
3 1685609341.5194812
3 1685609341.51968
3 1685609341.606047
4 1685609341.6070325
4 1685609341.6072254
4 1685609341.6090465
5 1685609341.9244545
5 1685609341.9246778
5 1685609341.9261189
6 1685609341.9270859
6 1685609341.9272225
6 1685609341.927992
7 1685609342.043036
7 1685609342.1595576
7 1685609342.1636243


t:  48


0 1685609342.7063928
0 1685609342.7065132
0 1685609342.7075644
1 1685609342.70864
1 1685609342.70887
1 1685609342.932743
2 1685609342.9880998
2 1685609343.0443935
2 1685609343.7728362
3 1685609343.7787066
3 1685609343.9047225
3 1685609344.029618
4 1685609344.1522202
4 1685609344.1524823
4 1685609344.1538389
5 1685609344.177976
5 1685609344.428331
5 1685609344.4805346
6 1685609344.5454574
6 1685609344.5456204
6 1685609344.546526
7 1685609344.567533
7 1685609344.5676663
7 1685609344.5691288


t:  49


0 1685609344.8663723
0 1685609344.8665297
0 1685609344.867742
1 1685609345.0152347
1 1685609345.0399828
1 1685609345.0410433
2 1685609345.0431483
2 1685609345.0433457
2 1685609345.0493171
3 1685609345.1498296
3 1685609345.418555
3 1685609345.4194503
4 1685609345.4226213
4 1685609345.4568243
4 1685609345.4584265
5 1685609345.4603076
5 1685609345.460614
5 1685609345.464881
6 1685609345.4728005
6 1685609345.473153
6 1685609345.7241
7 1685609345.767415
7 1685609345.8192823
7 1685609345.826148


t:  50


0 1685609345.9727376
0 1685609345.9729137
0 1685609345.9749696
1 1685609346.5248039
1 1685609346.5249536
1 1685609346.5463724
2 1685609346.6098776
2 1685609346.6151793
2 1685609346.6161985
3 1685609346.6409194
3 1685609346.653014
3 1685609346.7887838
4 1685609346.7894382
4 1685609346.7895918
4 1685609346.7904005
5 1685609346.7910604
5 1685609346.8196275
5 1685609346.942239
6 1685609346.9696379
6 1685609347.0340981
6 1685609347.147418
7 1685609347.1487613
7 1685609347.1559782
7 1685609347.2621052


t:  51


0 1685609347.6308024
0 1685609347.6376977
0 1685609347.638653
1 1685609347.6479924
1 1685609347.6779583
1 1685609347.7269948
2 1685609347.8870945
2 1685609347.8872685
2 1685609347.8884592
3 1685609347.8891418
3 1685609347.8892877
3 1685609347.8899705
4 1685609347.9861321
4 1685609347.9926364
4 1685609348.0528228
5 1685609348.334708
5 1685609348.3900578
5 1685609348.3911965
6 1685609348.3928084
6 1685609348.3930023
6 1685609348.39397
7 1685609348.4324436
7 1685609348.432602
7 1685609348.4336178


t:  52


0 1685609348.760839
0 1685609348.7609572
0 1685609348.761934
1 1685609348.762506
1 1685609348.762608
1 1685609348.8997688
2 1685609348.9931707
2 1685609348.9933393
2 1685609348.9945939
3 1685609348.9952884
3 1685609348.9955251
3 1685609349.1286545
4 1685609349.1467922
4 1685609349.146923
4 1685609349.1478057
5 1685609349.1490731
5 1685609349.1492114
5 1685609349.1501224
6 1685609349.2869952
6 1685609349.2871304
6 1685609349.2886512
7 1685609349.4497514
7 1685609349.4498818
7 1685609349.463007


t:  53


0 1685609349.5078852
0 1685609349.5082002
0 1685609349.5108466
1 1685609349.6069977
1 1685609349.6071289
1 1685609349.6085312
2 1685609349.6143851
2 1685609349.6145895
2 1685609349.616697
3 1685609349.7121377
3 1685609349.7124112
3 1685609349.75443
4 1685609349.7553823
4 1685609349.7555254
4 1685609349.7565658
5 1685609349.9724274
5 1685609349.9780035
5 1685609350.0988042
6 1685609350.2760363
6 1685609350.2762086
6 1685609350.277206
7 1685609350.2778184
7 1685609350.277924
7 1685609350.4034486


t:  54


0 1685609351.1170163
0 1685609351.1563015
0 1685609351.3983843
1 1685609351.399418
1 1685609351.4454935
1 1685609351.4463725
2 1685609351.5097835
2 1685609351.5214834
2 1685609351.524942
3 1685609351.5604427
3 1685609351.5605903
3 1685609351.562232
4 1685609351.5643723
4 1685609351.5952141
4 1685609351.596802
5 1685609351.7175226
5 1685609351.7176778
5 1685609351.7185855
6 1685609351.7195666
6 1685609351.7197256
6 1685609351.7207646
7 1685609351.743533
7 1685609351.7436695
7 1685609351.7446527


t:  55


0 1685609352.0165915
0 1685609352.016876
0 1685609352.0179067
1 1685609352.1062286
1 1685609352.1064115
1 1685609352.107585
2 1685609352.1165674
2 1685609352.1166854
2 1685609352.1174223
3 1685609352.1289341
3 1685609352.1290798
3 1685609352.129879
4 1685609352.130465
4 1685609352.1305974
4 1685609352.1312916
5 1685609352.2358418
5 1685609352.236048
5 1685609352.319005
6 1685609352.3204825
6 1685609352.3206482
6 1685609352.3216782
7 1685609352.4145799
7 1685609352.4147723
7 1685609352.6114242


t:  56


0 1685609352.9223297
0 1685609352.9224443
0 1685609352.925093
1 1685609353.1276557
1 1685609353.12812
1 1685609353.1292012
2 1685609353.1303394
2 1685609353.1305404
2 1685609353.1325576
3 1685609353.4787076
3 1685609353.4788573
3 1685609353.5052922
4 1685609353.5072424
4 1685609353.507473
4 1685609353.628445
5 1685609353.6722667
5 1685609353.6724932
5 1685609353.6737003
6 1685609353.7236166
6 1685609353.7238576
6 1685609353.7251859
7 1685609353.8203719
7 1685609353.820603
7 1685609353.82167


t:  57


0 1685609354.0050845
0 1685609354.0051985
0 1685609354.007578
1 1685609354.0086212
1 1685609354.0088005
1 1685609354.0356247
2 1685609354.0970755
2 1685609354.0973213
2 1685609354.1918073
3 1685609354.253795
3 1685609354.2649586
3 1685609354.328722
4 1685609354.3299625
4 1685609354.4471998
4 1685609354.453558
5 1685609354.7373722
5 1685609354.7375484
5 1685609354.7387161
6 1685609354.7394667
6 1685609354.7396774
6 1685609354.7633977
7 1685609354.8398037
7 1685609354.8521202
7 1685609354.8529403


t:  58


0 1685609354.9373481
0 1685609354.937483
0 1685609354.9384604
1 1685609355.0072
1 1685609355.008363
1 1685609355.092101
2 1685609355.093527
2 1685609355.0936885
2 1685609355.3067446
3 1685609355.3078232
3 1685609355.308132
3 1685609355.3091068
4 1685609355.3180552
4 1685609355.318174
4 1685609355.3332813
5 1685609355.334252
5 1685609355.334357
5 1685609355.3353796
6 1685609355.4461026
6 1685609355.446236
6 1685609355.4471476
7 1685609355.4481075
7 1685609355.4482465
7 1685609355.4490595


t:  59


0 1685609355.771321
0 1685609355.7714796
0 1685609355.9147186
1 1685609355.9156282
1 1685609355.915763
1 1685609355.9165843
2 1685609355.9173524
2 1685609355.9410841
2 1685609356.0125191
3 1685609356.0149996
3 1685609356.015219
3 1685609356.0164757
4 1685609356.0648832
4 1685609356.0650766
4 1685609356.1471035
5 1685609356.1637268
5 1685609356.1639514
5 1685609356.164914
6 1685609356.1658103
6 1685609356.1660216
6 1685609356.1670024
7 1685609356.2390726
7 1685609356.8614004
7 1685609356.8622396


t:  60


0 1685609357.1378956
0 1685609357.1513367
0 1685609357.1521502
1 1685609357.1531417
1 1685609357.1532464
1 1685609357.1538887
2 1685609357.1548243
2 1685609357.1549551
2 1685609357.2474465
3 1685609357.2642567
3 1685609357.2644086
3 1685609357.2707365
4 1685609357.30746
4 1685609357.3076544
4 1685609357.3087833
5 1685609357.3359623
5 1685609357.3510737
5 1685609357.3986511
6 1685609357.5551667
6 1685609357.5553439
6 1685609357.5566425
7 1685609357.6381352
7 1685609357.7485406
7 1685609357.7494016


t:  61


0 1685609357.9891493
0 1685609358.0110855
0 1685609358.118816
1 1685609358.119842
1 1685609358.1200294
1 1685609358.1208658
2 1685609358.1543632
2 1685609358.154492
2 1685609358.1556082
3 1685609358.4248085
3 1685609358.4249277
3 1685609358.4277601
4 1685609358.4285147
4 1685609358.4286993
4 1685609358.4302146
5 1685609358.4316132
5 1685609358.4317183
5 1685609358.4331524
6 1685609358.6074164
6 1685609358.6264505
6 1685609358.7763405
7 1685609358.7771978
7 1685609358.796954
7 1685609358.797851


t:  62


0 1685609359.031013
0 1685609359.0311909
0 1685609359.0332048
1 1685609359.6997442
1 1685609359.6999965
1 1685609359.7012908
2 1685609359.9509385
2 1685609359.951119
2 1685609359.952406
3 1685609359.9531024
3 1685609359.9532623
3 1685609359.9641175
4 1685609359.9648716
4 1685609359.9915373
4 1685609359.9927511
5 1685609360.1048183
5 1685609360.1049502
5 1685609360.106048
6 1685609360.2864196
6 1685609360.3083475
6 1685609360.3093195
7 1685609360.3108492
7 1685609360.3653507
7 1685609360.3664744


t:  63


0 1685609360.9689536
0 1685609360.9691083
0 1685609361.0078096
1 1685609361.1694782
1 1685609361.169878
1 1685609361.1710105
2 1685609361.1723747
2 1685609361.172534
2 1685609361.1815963
3 1685609361.1849651
3 1685609361.185145
3 1685609361.187758
4 1685609361.1886568
4 1685609361.1887665
4 1685609361.190243
5 1685609361.3669143
5 1685609361.3670537
5 1685609361.4030817
6 1685609361.4039888
6 1685609361.4041913
6 1685609361.4049907
7 1685609361.4060981
7 1685609361.4066246
7 1685609361.4287274


t:  64


0 1685609362.1374464
0 1685609362.1375728
0 1685609362.1386409
1 1685609362.139513
1 1685609362.1575644
1 1685609362.1585367
2 1685609362.1805632
2 1685609362.1807263
2 1685609362.1817477
3 1685609362.1844673
3 1685609362.2106
3 1685609362.2919002
4 1685609362.2930079
4 1685609362.29339
4 1685609362.2951047
5 1685609362.7353632
5 1685609362.7355528
5 1685609362.7365656
6 1685609362.7372692
6 1685609362.7373848
6 1685609362.7487452
7 1685609362.775484
7 1685609362.775621
7 1685609362.777369


t:  65


0 1685609362.9297547
0 1685609362.9298818
0 1685609362.9307382
1 1685609362.932248
1 1685609362.9324026
1 1685609362.9334388
2 1685609362.964636
2 1685609362.9647665
2 1685609362.96561
3 1685609363.3470917
3 1685609363.3473418
3 1685609363.3483677
4 1685609363.3964243
4 1685609363.6449878
4 1685609363.6459427
5 1685609363.7545605
5 1685609363.7547252
5 1685609363.8008695
6 1685609363.8020713
6 1685609363.8022091
6 1685609363.8030858
7 1685609363.8329723
7 1685609363.8331287
7 1685609363.8341572


t:  66


0 1685609364.1458778
0 1685609364.1460004
0 1685609364.1470013
1 1685609364.148936
1 1685609364.1491723
1 1685609364.1957521
2 1685609364.1965108
2 1685609364.1967552
2 1685609364.197797
3 1685609364.2707803
3 1685609364.2709284
3 1685609364.3091624
4 1685609364.4090776
4 1685609364.409231
4 1685609364.4666839
5 1685609364.5741048
5 1685609364.574234
5 1685609364.5960066
6 1685609364.596697
6 1685609364.751586
6 1685609364.768194
7 1685609364.7871685
7 1685609364.7977126
7 1685609364.7985468


t:  67


0 1685609365.5744727
0 1685609365.7231784
0 1685609365.7399879
1 1685609365.740948
1 1685609365.7411246
1 1685609365.7422884
2 1685609365.8778489
2 1685609365.8846636
2 1685609365.891591
3 1685609365.9211335
3 1685609366.1349633
3 1685609366.1365638
4 1685609366.261974
4 1685609366.3062007
4 1685609366.3125474
5 1685609366.4447677
5 1685609366.570187
5 1685609366.5751328
6 1685609366.5758247
6 1685609366.576088
6 1685609366.5774662
7 1685609366.7535977
7 1685609366.7538006
7 1685609366.8158758


t:  68


0 1685609366.8786206
0 1685609366.878737
0 1685609366.8846574
1 1685609366.8854315
1 1685609366.9064617
1 1685609366.9074244
2 1685609366.9253242
2 1685609366.92548
2 1685609366.9863648
3 1685609366.9882805
3 1685609366.9884424
3 1685609367.5073714
4 1685609367.51339
4 1685609367.513581
4 1685609367.5144854
5 1685609367.5153716
5 1685609367.5154836
5 1685609367.5994186
6 1685609367.6003485
6 1685609367.6997368
6 1685609367.7556207
7 1685609367.756587
7 1685609367.756764
7 1685609367.758335


t:  69


0 1685609368.1316972
0 1685609368.1319103
0 1685609368.1334105
1 1685609368.1893885
1 1685609368.189572
1 1685609368.1903968
2 1685609368.6864371
2 1685609368.7231433
2 1685609368.7241435
3 1685609368.8347912
3 1685609368.834878
3 1685609368.836542
4 1685609369.0108988
4 1685609369.0110428
4 1685609369.012115
5 1685609369.0714233
5 1685609369.1098688
5 1685609369.1112723
6 1685609369.1124678
6 1685609369.112654
6 1685609369.1778576
7 1685609369.197074
7 1685609369.1972234
7 1685609369.1981611


t:  70


0 1685609369.5440674
0 1685609369.5443003
0 1685609369.5460095
1 1685609369.5468326
1 1685609369.5469522
1 1685609369.548057
2 1685609369.5494983
2 1685609369.549617
2 1685609369.550884
3 1685609369.5521293
3 1685609369.586476
3 1685609369.5875561
4 1685609369.614784
4 1685609369.6149402
4 1685609369.6163275
5 1685609369.6377888
5 1685609369.6857777
5 1685609369.6869223
6 1685609369.7466936
6 1685609369.7477174
6 1685609369.7525706
7 1685609369.848292
7 1685609369.848468
7 1685609369.84964


t:  71


0 1685609370.1614614
0 1685609370.1617448
0 1685609370.1738293
1 1685609370.3683088
1 1685609370.4355314
1 1685609370.6126945
2 1685609370.6134515
2 1685609370.7446282
2 1685609370.972175
3 1685609370.9913855
3 1685609370.991525
3 1685609370.9923353
4 1685609370.993082
4 1685609370.9932134
4 1685609370.9940042
5 1685609371.1509159
5 1685609371.2092519
5 1685609371.2254362
6 1685609371.281702
6 1685609371.2819436
6 1685609371.2829852
7 1685609371.4033957
7 1685609371.4036224
7 1685609371.4055586


t:  72


0 1685609371.7176876
0 1685609371.7178574
0 1685609371.718916
1 1685609371.7576542
1 1685609371.7578392
1 1685609371.778606
2 1685609371.8979506
2 1685609371.898161
2 1685609371.8995645
3 1685609371.9142168
3 1685609371.914369
3 1685609372.0070345
4 1685609372.0085907
4 1685609372.008885
4 1685609372.073536
5 1685609372.0760748
5 1685609372.1897511
5 1685609372.1910293
6 1685609372.476556
6 1685609372.4767463
6 1685609372.4776187
7 1685609372.479979
7 1685609372.4801662
7 1685609372.480994


t:  73


0 1685609372.806704
0 1685609372.8069284
0 1685609372.9262118
1 1685609372.9595585
1 1685609372.9599307
1 1685609372.9610798
2 1685609372.9618587
2 1685609372.962023
2 1685609373.267581
3 1685609373.2692714
3 1685609373.2694612
3 1685609373.2703557
4 1685609373.2716193
4 1685609373.2717664
4 1685609373.3887093
5 1685609373.4237306
5 1685609373.423949
5 1685609373.4253833
6 1685609373.426485
6 1685609373.4266362
6 1685609373.4688387
7 1685609373.4714425
7 1685609373.4715683
7 1685609373.472937


t:  74


0 1685609373.5666754
0 1685609373.566823
0 1685609373.6080453
1 1685609373.609237
1 1685609373.6094418
1 1685609373.7989197
2 1685609373.8061829
2 1685609373.8346205
2 1685609373.8356447
3 1685609373.8375194
3 1685609373.8376575
3 1685609373.8385508
4 1685609373.8394096
4 1685609373.840302
4 1685609373.9541235
5 1685609374.0151198
5 1685609374.0153937
5 1685609374.279068
6 1685609374.2844522
6 1685609374.284633
6 1685609374.2854545
7 1685609374.286035
7 1685609374.2861516
7 1685609374.3299532


t:  75


0 1685609374.3783462
0 1685609374.3794196
0 1685609374.65062
1 1685609374.6513765
1 1685609374.6514964
1 1685609374.6524923
2 1685609374.7203405
2 1685609374.7204807
2 1685609374.7215674
3 1685609374.722646
3 1685609374.7229102
3 1685609374.744118
4 1685609374.839383
4 1685609374.839728
4 1685609374.8416514
5 1685609375.014624
5 1685609375.131162
5 1685609375.1321745
6 1685609375.1331396
6 1685609375.1332462
6 1685609375.1341686
7 1685609375.230888
7 1685609375.2310226
7 1685609375.2325575


t:  76


0 1685609375.9073892
0 1685609375.9076245
0 1685609375.9087772
1 1685609375.91486
1 1685609375.915057
1 1685609375.9160616
2 1685609375.920728
2 1685609375.9208734
2 1685609375.9269161
3 1685609375.9740224
3 1685609375.9746852
3 1685609376.1015425
4 1685609376.1023135
4 1685609376.1024594
4 1685609376.201116
5 1685609376.2020485
5 1685609376.3904896
5 1685609376.497584
6 1685609376.4995189
6 1685609376.5445006
6 1685609376.5454955
7 1685609376.5977159
7 1685609376.597852
7 1685609376.5988066


t:  77


0 1685609377.0131114
0 1685609377.0132658
0 1685609377.0141482
1 1685609377.0148675
1 1685609377.0149796
1 1685609377.1744292
2 1685609377.1763165
2 1685609377.1765914
2 1685609377.361061
3 1685609377.36572
3 1685609377.3659792
3 1685609377.3669274
4 1685609377.3677108
4 1685609377.3678973
4 1685609377.4068925
5 1685609377.4839184
5 1685609377.4840887
5 1685609377.4851193
6 1685609377.50923
6 1685609377.526449
6 1685609377.5281148
7 1685609377.5777276
7 1685609377.577898
7 1685609377.6760545


t:  78


0 1685609378.1169214
0 1685609378.1170366
0 1685609378.1180549
1 1685609378.118784
1 1685609378.137172
1 1685609378.143032
2 1685609378.186714
2 1685609378.1868846
2 1685609378.2763135
3 1685609378.27717
3 1685609378.2773101
3 1685609378.3245914
4 1685609378.325695
4 1685609378.4745731
4 1685609378.475422
5 1685609378.7135792
5 1685609378.7137306
5 1685609378.7151773
6 1685609378.735953
6 1685609378.7361352
6 1685609378.7478964
7 1685609378.748943
7 1685609378.7491076
7 1685609378.8776977


t:  79


0 1685609379.3651724
0 1685609379.3652904
0 1685609379.36624
1 1685609379.378722
1 1685609379.3789139
1 1685609379.3800266
2 1685609379.3808434
2 1685609379.3809557
2 1685609379.3817537
3 1685609379.4926984
3 1685609379.4928322
3 1685609379.493835
4 1685609379.5200977
4 1685609379.5202215
4 1685609379.5210361
5 1685609379.5215764
5 1685609379.521678
5 1685609379.5225964
6 1685609379.5877154
6 1685609379.5879622
6 1685609379.6153088
7 1685609379.6345186
7 1685609379.6346383
7 1685609379.6353493


t:  80


0 1685609379.7926242
0 1685609379.7929654
0 1685609379.7938895
1 1685609379.7948108
1 1685609379.794953
1 1685609379.9093807
2 1685609379.910014
2 1685609379.9101222
2 1685609379.9108896
3 1685609379.9574444
3 1685609379.9576771
3 1685609379.958772
4 1685609379.9723432
4 1685609380.0200953
4 1685609380.0208883
5 1685609380.0467594
5 1685609380.0469308
5 1685609380.0489736
6 1685609380.0498822
6 1685609380.0500379
6 1685609380.0526252
7 1685609380.0535684
7 1685609380.0910883
7 1685609380.0918274


t:  81


0 1685609380.1979043
0 1685609380.1980212
0 1685609380.1988642
1 1685609380.2686942
1 1685609380.2688398
1 1685609380.29205
2 1685609380.2929664
2 1685609380.2930791
2 1685609380.2949946
3 1685609380.295635
3 1685609380.2957528
3 1685609380.463367
4 1685609380.4646666
4 1685609380.5560722
4 1685609380.8092976
5 1685609380.8100786
5 1685609380.8102484
5 1685609380.8110006
6 1685609380.8118596
6 1685609380.935602
6 1685609381.0174155
7 1685609381.0181787
7 1685609381.0183022
7 1685609381.0198548


t:  82


0 1685609381.4612107
0 1685609381.461456
0 1685609381.5536041
1 1685609381.5824149
1 1685609381.6178377
1 1685609381.6464934
2 1685609381.647412
2 1685609381.6536179
2 1685609381.9681678
3 1685609381.9791012
3 1685609381.9792712
3 1685609382.0915477
4 1685609382.0923371
4 1685609382.0924885
4 1685609382.0933805
5 1685609382.108677
5 1685609382.10881
5 1685609382.1097877
6 1685609382.174257
6 1685609382.1745417
6 1685609382.1814833
7 1685609382.1827776
7 1685609382.1829643
7 1685609382.1904647


t:  83


0 1685609382.2301507
0 1685609382.230274
0 1685609382.2312238
1 1685609382.2326164
1 1685609382.232743
1 1685609382.3914893
2 1685609382.3926215
2 1685609382.4865785
2 1685609382.5043433
3 1685609382.5051334
3 1685609382.505378
3 1685609382.5270798
4 1685609382.600012
4 1685609382.6001852
4 1685609382.6011612
5 1685609382.6030421
5 1685609382.6138408
5 1685609382.6267004
6 1685609382.8482654
6 1685609382.8728974
6 1685609382.877862
7 1685609382.9799669
7 1685609382.9801009
7 1685609382.981172


t:  84


0 1685609383.1176572
0 1685609383.1178038
0 1685609383.1188593
1 1685609383.2483346
1 1685609383.2484682
1 1685609383.2788985
2 1685609383.2800503
2 1685609383.280332
2 1685609383.2823007
3 1685609383.2963462
3 1685609383.2965298
3 1685609383.2979748
4 1685609383.4208531
4 1685609383.421005
4 1685609383.4223902
5 1685609383.425139
5 1685609383.4254916
5 1685609383.579421
6 1685609383.7201593
6 1685609383.7203345
6 1685609383.782785
7 1685609383.784145
7 1685609383.7843194
7 1685609383.7854316


t:  85


0 1685609384.5249498
0 1685609384.81933
0 1685609384.9162097
1 1685609384.9170005
1 1685609384.917165
1 1685609384.9180906
2 1685609384.9190452
2 1685609384.9192507
2 1685609385.0578308
3 1685609385.0586348
3 1685609385.0587776
3 1685609385.0817366
4 1685609385.2590358
4 1685609385.259799
4 1685609385.2610433
5 1685609385.4023144
5 1685609385.4185772
5 1685609385.4194345
6 1685609385.451526
6 1685609385.4620793
6 1685609385.781738
7 1685609385.8086462
7 1685609385.8347833
7 1685609385.8623025


t:  86


0 1685609386.1110651
0 1685609386.116394
0 1685609386.1285605
1 1685609386.2031224
1 1685609386.2213728
1 1685609386.4799929
2 1685609386.5062675
2 1685609386.539378
2 1685609386.552043
3 1685609386.5980802
3 1685609386.5982172
3 1685609386.5997355
4 1685609386.621402
4 1685609386.810547
4 1685609386.8113742
5 1685609386.8199997
5 1685609386.820129
5 1685609386.825078
6 1685609387.053005
6 1685609387.0532267
6 1685609387.0546446
7 1685609387.062135
7 1685609387.0624921
7 1685609387.06807


t:  87


0 1685609387.4490898
0 1685609387.573193
0 1685609387.632794
1 1685609387.6440756
1 1685609387.6520174
1 1685609387.661621
2 1685609387.7196596
2 1685609387.719908
2 1685609387.720951
3 1685609387.981804
3 1685609387.9819403
3 1685609387.9832978
4 1685609387.9864113
4 1685609387.9865403
4 1685609387.9873917
5 1685609388.0915725
5 1685609388.0917366
5 1685609388.0929627
6 1685609388.0940285
6 1685609388.094187
6 1685609388.0957072
7 1685609388.0975518
7 1685609388.097679
7 1685609388.1967661


t:  88


0 1685609388.6447847
0 1685609388.6449256
0 1685609388.6459856
1 1685609388.646614
1 1685609388.6468096
1 1685609388.725021
2 1685609388.7320445
2 1685609388.7683518
2 1685609388.7946784
3 1685609388.7953448
3 1685609388.7955592
3 1685609388.7964187
4 1685609388.7970107
4 1685609388.7971823
4 1685609388.7978826
5 1685609388.8445876
5 1685609388.870572
5 1685609388.96621
6 1685609388.9990447
6 1685609389.019486
6 1685609389.020647
7 1685609389.0217626
7 1685609389.0782723
7 1685609389.0791793


t:  89


0 1685609389.3635314
0 1685609389.3638053
0 1685609389.365116
1 1685609389.3684416
1 1685609389.3685858
1 1685609389.369477
2 1685609389.370294
2 1685609389.3704772
2 1685609389.4829311
3 1685609389.4846601
3 1685609389.48499
3 1685609389.4861023
4 1685609389.4870086
4 1685609389.4871817
4 1685609389.5624259
5 1685609389.6965747
5 1685609389.709236
5 1685609389.7105858
6 1685609389.7114599
6 1685609389.7115717
6 1685609389.7125773
7 1685609389.7131777
7 1685609389.7132902
7 1685609389.8352315


t:  90


0 1685609389.886601
0 1685609389.8867311
0 1685609389.8877847
1 1685609389.963829
1 1685609389.9640236
1 1685609389.964828
2 1685609390.0735352
2 1685609390.0736663
2 1685609390.214955
3 1685609390.2159317
3 1685609390.2160718
3 1685609390.2170877
4 1685609390.5650249
4 1685609390.5651503
4 1685609390.7974396
5 1685609390.82581
5 1685609390.8259408
5 1685609390.8270502
6 1685609390.8277109
6 1685609390.827886
6 1685609390.8575137
7 1685609391.1247776
7 1685609391.1251802
7 1685609391.3182552


t:  91


0 1685609391.5408027
0 1685609391.5409958
0 1685609391.658617
1 1685609391.6607153
1 1685609391.6608942
1 1685609391.6988764
2 1685609391.7094321
2 1685609391.709618
2 1685609391.7108595
3 1685609391.8338406
3 1685609391.8339732
3 1685609391.834953
4 1685609391.86015
4 1685609391.8602862
4 1685609391.861262
5 1685609391.8619702
5 1685609391.8620825
5 1685609391.8639283
6 1685609391.923538
6 1685609391.923677
6 1685609391.927301
7 1685609391.930285
7 1685609391.9305394
7 1685609392.0186348


t:  92


0 1685609392.3953671
0 1685609392.3955154
0 1685609392.3966835
1 1685609392.552657
1 1685609392.5527966
1 1685609392.5539024
2 1685609392.5547078
2 1685609392.5548155
2 1685609392.5557005
3 1685609392.58291
3 1685609392.5830557
3 1685609392.584074
4 1685609392.690371
4 1685609392.6905503
4 1685609392.6931684
5 1685609392.699557
5 1685609392.6996884
5 1685609392.7006042
6 1685609392.7228413
6 1685609392.7229784
6 1685609392.7241101
7 1685609392.725104
7 1685609392.7252285
7 1685609392.8223145


t:  93


0 1685609392.9972517
0 1685609392.9973848
0 1685609392.998354
1 1685609392.9991627
1 1685609393.0820582
1 1685609393.6125193
2 1685609393.6143708
2 1685609393.6202295
2 1685609393.6458402
3 1685609393.9233882
3 1685609393.9235237
3 1685609393.9992785
4 1685609394.043307
4 1685609394.3692036
4 1685609394.3960996
5 1685609394.3970616
5 1685609394.3971741
5 1685609394.3983152
6 1685609394.745613
6 1685609394.7459629
6 1685609394.7630043
7 1685609394.7637618
7 1685609394.76395
7 1685609394.764923


t:  94


0 1685609394.9659383
0 1685609394.9660735
0 1685609394.9863365
1 1685609394.987302
1 1685609394.9875202
1 1685609395.0685155
2 1685609395.1084216
2 1685609395.108601
2 1685609395.1926208
3 1685609395.1953058
3 1685609395.1956427
3 1685609395.2795203
4 1685609395.2803452
4 1685609395.3043854
4 1685609395.3056242
5 1685609395.37745
5 1685609395.5646417
5 1685609395.5661156
6 1685609395.5672927
6 1685609395.5674627
6 1685609395.568317
7 1685609395.5687685
7 1685609395.5688667
7 1685609395.5694692


t:  95


0 1685609395.7095916
0 1685609395.7097433
0 1685609395.712856
1 1685609395.7566469
1 1685609395.7568097
1 1685609395.8639472
2 1685609395.8721607
2 1685609395.8723738
2 1685609395.874877
3 1685609395.8807292
3 1685609395.995446
3 1685609395.9963279
4 1685609395.9970615
4 1685609395.997171
4 1685609395.997997
5 1685609395.9993823
5 1685609395.999604
5 1685609396.0477223
6 1685609396.049774
6 1685609396.0498683
6 1685609396.0506392
7 1685609396.2486641
7 1685609396.248808
7 1685609396.5057223


t:  96


0 1685609396.567288
0 1685609396.5674522
0 1685609396.5695162
1 1685609396.6329167
1 1685609396.6331186
1 1685609396.63539
2 1685609396.6364439
2 1685609396.6365993
2 1685609396.6392794
3 1685609396.6402304
3 1685609396.6403868
3 1685609396.6431265
4 1685609396.644016
4 1685609396.6441653
4 1685609396.672746
5 1685609396.7247126
5 1685609396.724925
5 1685609396.731123
6 1685609396.732284
6 1685609396.7324324
6 1685609396.7337048
7 1685609396.8618891
7 1685609396.9003692
7 1685609396.9389172


t:  97


0 1685609397.5926557
0 1685609397.7149055
0 1685609397.7609932
1 1685609397.8799655
1 1685609397.8800924
1 1685609397.880864
2 1685609397.8842716
2 1685609397.8844876
2 1685609397.9758368
3 1685609398.260536
3 1685609398.2606845
3 1685609398.2618294
4 1685609398.3345456
4 1685609398.3347156
4 1685609398.3360262
5 1685609398.336691
5 1685609398.337688
5 1685609398.3530178
6 1685609398.377677
6 1685609398.377998
6 1685609398.4801667
7 1685609398.482351
7 1685609398.482502
7 1685609398.4834228


t:  98


0 1685609399.079582
0 1685609399.0797029
0 1685609399.0809278
1 1685609399.5067542
1 1685609399.5068865
1 1685609399.5079992
2 1685609399.6156137
2 1685609399.6157782
2 1685609399.616755
3 1685609399.7345784
3 1685609399.7347414
3 1685609399.7361522
4 1685609399.7376812
4 1685609399.737752
4 1685609399.7387571
5 1685609399.7393684
5 1685609399.739475
5 1685609399.740159
6 1685609399.7406204
6 1685609399.7407203
6 1685609399.7413428
7 1685609399.7418354
7 1685609399.741934
7 1685609399.7425249


t:  99


0 1685609399.9476938
0 1685609399.952983
0 1685609399.9793384
1 1685609399.9801784
1 1685609399.9802969
1 1685609399.9867089
2 1685609400.0105956
2 1685609400.0108142
2 1685609400.012098
3 1685609400.013708
3 1685609400.0138597
3 1685609400.1025014
4 1685609400.1032436
4 1685609400.1034017
4 1685609400.104466
5 1685609400.2740498
5 1685609400.297044
5 1685609400.5269468
6 1685609400.5706162
6 1685609400.66268
6 1685609400.6687384
7 1685609400.670424
7 1685609400.6841984
7 1685609401.026482
done
(base) ]0;steven@steven-VirtualBox: ~/catkin_ws/src/controller_py/src[01;32msteven@steven-VirtualBox[00m:[01;34m~/catkin_ws/src/controller_py/src[00m$ exit
exit

Script done on 2023-06-01 10:50:09+02:00 [COMMAND_EXIT_CODE="0"]
