t:  0


0 1685609095.3173776
0 1685609095.3175476
0 1685609095.3401666
1 1685609095.3411555
1 1685609095.3413107
1 1685609095.3422747
2 1685609095.3485181
2 1685609095.348831
2 1685609095.4553134
3 1685609095.487139
3 1685609095.4873252
3 1685609095.5417418
4 1685609095.5420954
4 1685609095.542277
4 1685609095.5430017
5 1685609095.544297
5 1685609095.5444121
5 1685609095.5986955
6 1685609095.6764839
6 1685609095.6766407
6 1685609095.6775718
7 1685609095.6784713
7 1685609095.6785963
7 1685609095.684411


t:  1


0 1685609095.9978883
0 1685609095.9980114
0 1685609095.9995606
1 1685609096.0917122
1 1685609096.228338
1 1685609096.2347429
2 1685609096.2349436
2 1685609096.2350383
2 1685609096.235723
3 1685609096.2370992
3 1685609096.2506585
3 1685609096.2515152
4 1685609096.2793953
4 1685609096.279593
4 1685609096.2807696
5 1685609096.282048
5 1685609096.2822816
5 1685609096.2835093
6 1685609096.4674735
6 1685609096.467603
6 1685609096.5447836
7 1685609096.54733
7 1685609096.640576
7 1685609096.64158


t:  2


0 1685609096.9237065
0 1685609096.923834
0 1685609096.9247503
1 1685609096.9253714
1 1685609096.9255052
1 1685609096.954004
2 1685609097.1690624
2 1685609097.1692107
2 1685609097.1701174
3 1685609097.2043977
3 1685609097.2045407
3 1685609097.2055802
4 1685609097.206266
4 1685609097.2996807
4 1685609097.3017259
5 1685609097.3090968
5 1685609097.3297503
5 1685609097.3308136
6 1685609097.3323677
6 1685609097.3325176
6 1685609097.333195
7 1685609097.4368951
7 1685609097.437079
7 1685609097.5449252


t:  3


0 1685609097.8607867
0 1685609097.86814
0 1685609097.8691933
1 1685609097.9630756
1 1685609097.963209
1 1685609097.9640326
2 1685609097.9647398
2 1685609097.9648511
2 1685609097.9656756
3 1685609098.0721755
3 1685609098.2031376
3 1685609098.204577
4 1685609098.205771
4 1685609098.2339447
4 1685609098.3287065
5 1685609098.428196
5 1685609098.428332
5 1685609098.4291265
6 1685609098.464495
6 1685609098.4655085
6 1685609098.4668312
7 1685609098.558657
7 1685609098.5588107
7 1685609098.5597615


t:  4


0 1685609098.8254526
0 1685609098.8255696
0 1685609098.8263965
1 1685609098.827059
1 1685609098.827242
1 1685609098.8573189
2 1685609098.945853
2 1685609099.0448656
2 1685609099.1293118
3 1685609099.1298206
3 1685609099.1299117
3 1685609099.130644
4 1685609099.2334278
4 1685609099.2447238
4 1685609099.2664223
5 1685609099.362956
5 1685609099.388844
5 1685609099.4233186
6 1685609099.4401016
6 1685609099.4402587
6 1685609099.4412498
7 1685609099.5349333
7 1685609099.7070656
7 1685609099.7857966


t:  5


0 1685609099.9359748
0 1685609099.936121
0 1685609099.989717
1 1685609100.20073
1 1685609100.2008395
1 1685609100.2026088
2 1685609100.3472066
2 1685609100.3473225
2 1685609100.3483403
3 1685609100.3719149
3 1685609100.3720376
3 1685609100.3732178
4 1685609100.4601188
4 1685609100.4632666
4 1685609100.5587587
5 1685609100.5600638
5 1685609100.5602148
5 1685609100.7120132
6 1685609100.7130876
6 1685609100.713233
6 1685609100.713875
7 1685609100.7144363
7 1685609100.7145784
7 1685609100.7152867


t:  6


0 1685609100.9695678
0 1685609100.9696634
0 1685609100.970571
1 1685609101.0156193
1 1685609101.0157704
1 1685609101.016583
2 1685609101.0177636
2 1685609101.0895765
2 1685609101.0905006
3 1685609101.1616945
3 1685609101.1618218
3 1685609101.1626372
4 1685609101.1873047
4 1685609101.1874864
4 1685609101.1887045
5 1685609101.1896112
5 1685609101.1897593
5 1685609101.1923392
6 1685609101.3040729
6 1685609101.3042412
6 1685609101.4101307
7 1685609101.4109285
7 1685609101.4110389
7 1685609101.4117837


t:  7


0 1685609101.6748385
0 1685609101.7125854
0 1685609101.7924826
1 1685609101.7932296
1 1685609101.9830413
1 1685609101.9840271
2 1685609101.984788
2 1685609101.984895
2 1685609101.98575
3 1685609101.9868453
3 1685609101.9870253
3 1685609102.0472424
4 1685609102.121766
4 1685609102.1384141
4 1685609102.1392791
5 1685609102.2934825
5 1685609102.3135285
5 1685609102.3145878
6 1685609102.3154466
6 1685609102.3156154
6 1685609102.3167386
7 1685609102.5385973
7 1685609102.5910082
7 1685609102.6171632


t:  8


0 1685609102.8708675
0 1685609102.8710325
0 1685609103.0711718
1 1685609103.1462126
1 1685609103.1464071
1 1685609103.1486712
2 1685609103.4223304
2 1685609103.4225004
2 1685609103.4235504
3 1685609103.582932
3 1685609103.5831764
3 1685609103.5847557
4 1685609103.5862687
4 1685609103.5865355
4 1685609103.7962058
5 1685609103.7969666
5 1685609103.7971473
5 1685609103.7982175
6 1685609103.7988777
6 1685609103.799023
6 1685609103.9286885
7 1685609103.92938
7 1685609103.9295614
7 1685609103.9305263


t:  9


0 1685609104.0935698
0 1685609104.093951
0 1685609104.095254
1 1685609104.0963936
1 1685609104.1352336
1 1685609104.2186818
2 1685609104.2806358
2 1685609104.2807891
2 1685609104.2954412
3 1685609104.3127582
3 1685609104.378041
3 1685609104.3793488
4 1685609104.3801932
4 1685609104.3803036
4 1685609104.3814702
5 1685609104.4226708
5 1685609104.422823
5 1685609104.584951
6 1685609104.5856981
6 1685609104.585818
6 1685609104.6902707
7 1685609104.6910808
7 1685609104.6912532
7 1685609104.693013


t:  10


0 1685609105.3071427
0 1685609105.309302
0 1685609105.3102007
1 1685609105.3131685
1 1685609105.3134935
1 1685609105.365168
2 1685609105.3660598
2 1685609105.5083745
2 1685609105.5093782
3 1685609105.607429
3 1685609105.7050323
3 1685609105.7581282
4 1685609105.760955
4 1685609105.7611132
4 1685609105.7620847
5 1685609105.7843993
5 1685609105.7847292
5 1685609105.7859213
6 1685609105.8067467
6 1685609105.8069346
6 1685609105.8393195
7 1685609106.0270734
7 1685609106.0272613
7 1685609106.028267


t:  11


0 1685609106.108668
0 1685609106.1088295
0 1685609106.10986
1 1685609106.1118608
1 1685609106.149479
1 1685609106.1505167
2 1685609106.1513028
2 1685609106.1514518
2 1685609106.1523755
3 1685609106.1891098
3 1685609106.1893332
3 1685609106.190707
4 1685609106.1925218
4 1685609106.1926513
4 1685609106.1939256
5 1685609106.1950066
5 1685609106.2337162
5 1685609106.2346988
6 1685609106.2563431
6 1685609106.2965117
6 1685609106.2974718
7 1685609106.3651202
7 1685609106.4566963
7 1685609106.4583452


t:  12


0 1685609106.7585247
0 1685609106.7586896
0 1685609106.75967
1 1685609106.8652716
1 1685609106.8654525
1 1685609106.8679204
2 1685609106.9830458
2 1685609106.9832878
2 1685609106.9843113
3 1685609106.9851177
3 1685609106.9852686
3 1685609107.0450652
4 1685609107.0994565
4 1685609107.1071432
4 1685609107.1082094
5 1685609107.1397836
5 1685609107.1400619
5 1685609107.1555314
6 1685609107.210994
6 1685609107.211123
6 1685609107.212383
7 1685609107.2464187
7 1685609107.2465506
7 1685609107.266484


t:  13


0 1685609107.4072022
0 1685609107.4073231
0 1685609107.5181177
1 1685609107.5267727
1 1685609107.5269125
1 1685609107.5276382
2 1685609107.5282142
2 1685609107.5283232
2 1685609107.5289629
3 1685609107.5294282
3 1685609107.529537
3 1685609107.5301373
4 1685609107.5306427
4 1685609107.5307515
4 1685609107.5313652
5 1685609107.5318449
5 1685609107.5647151
5 1685609107.7413535
6 1685609107.7595143
6 1685609107.759716
6 1685609107.7618887
7 1685609107.7629914
7 1685609107.763147
7 1685609107.764292


t:  14


0 1685609107.9544318
0 1685609108.0237744
0 1685609108.138327
1 1685609108.1390054
1 1685609108.1391258
1 1685609108.2237632
2 1685609108.2248633
2 1685609108.225075
2 1685609108.2628064
3 1685609108.2686741
3 1685609108.2688076
3 1685609108.2698524
4 1685609108.2995286
4 1685609108.3308928
4 1685609108.3318598
5 1685609108.344283
5 1685609108.3444161
5 1685609108.3468273
6 1685609108.3548057
6 1685609108.3925362
6 1685609108.436976
7 1685609108.4382887
7 1685609108.4385698
7 1685609108.4394307


t:  15


0 1685609109.2433777
0 1685609109.2700074
0 1685609109.3248696
1 1685609109.3256788
1 1685609109.39818
1 1685609109.4407527
2 1685609109.5828505
2 1685609109.5829809
2 1685609109.6704564
3 1685609109.7345977
3 1685609109.7498233
3 1685609109.7745006
4 1685609109.8075294
4 1685609109.8441029
4 1685609109.845281
5 1685609109.8552704
5 1685609109.9559526
5 1685609109.965857
6 1685609110.0020664
6 1685609110.0189517
6 1685609110.051456
7 1685609110.3040874
7 1685609110.4198053
7 1685609110.4206607


t:  16


0 1685609110.6508367
0 1685609110.6509793
0 1685609110.655178
1 1685609110.6582627
1 1685609110.6585202
1 1685609110.7380137
2 1685609110.7648442
2 1685609110.7649853
2 1685609110.7658916
3 1685609110.7668884
3 1685609110.7670653
3 1685609110.7681108
4 1685609110.827485
4 1685609110.827603
4 1685609110.8897784
5 1685609110.978425
5 1685609111.0397463
5 1685609111.0418668
6 1685609111.0482528
6 1685609111.0484135
6 1685609111.0703845
7 1685609111.0712318
7 1685609111.0714002
7 1685609111.3415878


t:  17


0 1685609111.6619997
0 1685609111.6891713
0 1685609111.6902003
1 1685609111.8256636
1 1685609111.8504913
1 1685609112.0893707
2 1685609112.0903537
2 1685609112.2258477
2 1685609112.237128
3 1685609112.2431154
3 1685609112.284607
3 1685609112.2855763
4 1685609112.3089707
4 1685609112.3146627
4 1685609112.7004323
5 1685609112.7287304
5 1685609112.728919
5 1685609112.9129944
6 1685609112.936707
6 1685609112.956412
6 1685609112.9571702
7 1685609112.9589407
7 1685609112.9590986
7 1685609112.9600286


t:  18


0 1685609113.1565878
0 1685609113.186912
0 1685609113.1877778
1 1685609113.1907341
1 1685609113.1908762
1 1685609113.1917808
2 1685609113.3119962
2 1685609113.3121529
2 1685609113.3147843
3 1685609113.506577
3 1685609113.506775
3 1685609113.5177875
4 1685609113.5188768
4 1685609113.802045
4 1685609113.8029606
5 1685609113.8039324
5 1685609113.8040638
5 1685609113.8049424
6 1685609113.8718038
6 1685609113.8719928
6 1685609113.9793174
7 1685609113.9806433
7 1685609114.0098772
7 1685609114.010824


t:  19


0 1685609114.3937032
0 1685609114.3938227
0 1685609114.395039
1 1685609114.3956583
1 1685609114.3957646
1 1685609114.3965764
2 1685609114.7581391
2 1685609114.7582698
2 1685609114.7593687
3 1685609114.7613366
3 1685609114.7615733
3 1685609114.9546378
4 1685609114.9553895
4 1685609115.0355875
4 1685609115.0599988
5 1685609115.0610073
5 1685609115.0611794
5 1685609115.062251
6 1685609115.2732403
6 1685609115.2734218
6 1685609115.326946
7 1685609115.3693056
7 1685609115.3694348
7 1685609115.3704028


t:  20


0 1685609115.7121615
0 1685609115.7738695
0 1685609115.7747138
1 1685609115.7761188
1 1685609115.7763193
1 1685609115.7776618
2 1685609115.8472328
2 1685609115.8473628
2 1685609115.8487124
3 1685609115.850521
3 1685609115.8506896
3 1685609115.8535228
4 1685609115.8548956
4 1685609115.8550258
4 1685609115.9657576
5 1685609116.0102181
5 1685609116.0103502
5 1685609116.0155292
6 1685609116.051589
6 1685609116.0517752
6 1685609116.0562196
7 1685609116.0571675
7 1685609116.0573342
7 1685609116.0581374


t:  21


0 1685609116.4080718
0 1685609116.4082716
0 1685609116.4326725
1 1685609116.433449
1 1685609116.433633
1 1685609116.5067472
2 1685609116.5075061
2 1685609116.5076525
2 1685609116.5095859
3 1685609116.5104725
3 1685609116.5106418
3 1685609117.1377625
4 1685609117.1696677
4 1685609117.1698194
4 1685609117.1733475
5 1685609117.3316715
5 1685609117.3760383
5 1685609117.3775184
6 1685609117.378448
6 1685609117.3785605
6 1685609117.5110054
7 1685609117.6768496
7 1685609117.677037
7 1685609117.67802


t:  22


0 1685609117.8353808
0 1685609117.835531
0 1685609117.836612
1 1685609117.9522862
1 1685609117.9524162
1 1685609117.954396
2 1685609117.9560728
2 1685609117.9562416
2 1685609117.9573367
3 1685609118.2002897
3 1685609118.2415395
3 1685609118.2429237
4 1685609118.2521741
4 1685609118.2523196
4 1685609118.2896528
5 1685609118.290438
5 1685609118.2905712
5 1685609118.2912793
6 1685609118.2919312
6 1685609118.292062
6 1685609118.3731256
7 1685609118.3739655
7 1685609118.374101
7 1685609118.3950453


t:  23


0 1685609118.619001
0 1685609118.6191614
0 1685609118.620108
1 1685609118.7094011
1 1685609118.7095585
1 1685609118.7145183
2 1685609118.7151554
2 1685609118.7152948
2 1685609118.9937027
3 1685609119.112614
3 1685609119.1218784
3 1685609119.1231296
4 1685609119.1239486
4 1685609119.132875
4 1685609119.1342363
5 1685609119.1348991
5 1685609119.1350086
5 1685609119.1359491
6 1685609119.154494
6 1685609119.1546206
6 1685609119.156568
7 1685609119.2187138
7 1685609119.2188475
7 1685609119.2197056


t:  24


0 1685609119.7815156
0 1685609119.7817383
0 1685609119.7829652
1 1685609119.7855284
1 1685609119.7856956
1 1685609120.0784848
2 1685609120.0793116
2 1685609120.0795572
2 1685609120.0807307
3 1685609120.0814524
3 1685609120.0816152
3 1685609120.1477323
4 1685609120.148902
4 1685609120.149074
4 1685609120.1504855
5 1685609120.3839364
5 1685609120.3841367
5 1685609120.487667
6 1685609120.7168458
6 1685609120.844186
6 1685609120.8450162
7 1685609120.8458433
7 1685609120.845951
7 1685609120.8468597


t:  25


0 1685609121.030545
0 1685609121.1551852
0 1685609121.1572642
1 1685609121.1584153
1 1685609121.1585903
1 1685609121.1595502
2 1685609121.2951136
2 1685609121.2952425
2 1685609121.4515097
3 1685609121.4522593
3 1685609121.4577625
3 1685609121.4587095
4 1685609121.4600546
4 1685609121.460276
4 1685609121.4668372
5 1685609121.4841669
5 1685609121.4843085
5 1685609121.6104727
6 1685609121.6118543
6 1685609121.7315214
6 1685609121.7332447
7 1685609121.8399003
7 1685609121.8400679
7 1685609121.841164


t:  26


0 1685609122.0495367
0 1685609122.0496786
0 1685609122.0525212
1 1685609122.2861013
1 1685609122.3178308
1 1685609122.3191974
2 1685609122.3218598
2 1685609122.3220685
2 1685609122.3456914
3 1685609122.729147
3 1685609122.8411934
3 1685609122.8777802
4 1685609123.0045037
4 1685609123.0046637
4 1685609123.0058002
5 1685609123.0072386
5 1685609123.007349
5 1685609123.0082438
6 1685609123.0089374
6 1685609123.0090458
6 1685609123.0101037
7 1685609123.1911676
7 1685609123.1913707
7 1685609123.1925414


t:  27


0 1685609123.6952229
0 1685609123.6953418
0 1685609123.6970859
1 1685609123.709828
1 1685609123.7562747
1 1685609123.8906004
2 1685609123.8932867
2 1685609123.8934162
2 1685609123.904997
3 1685609123.9949348
3 1685609123.9950886
3 1685609123.996257
4 1685609123.9970503
4 1685609123.9971917
4 1685609123.9982448
5 1685609124.1303668
5 1685609124.1305268
5 1685609124.131736
6 1685609124.132665
6 1685609124.132788
6 1685609124.1337001
7 1685609124.1394975
7 1685609124.1396794
7 1685609124.3898098


t:  28


0 1685609124.7449434
0 1685609124.7647202
0 1685609124.801986
1 1685609124.8026183
1 1685609124.8027341
1 1685609124.8243039
2 1685609124.8249705
2 1685609124.8251364
2 1685609124.847182
3 1685609124.8484743
3 1685609124.8486958
3 1685609124.8495238
4 1685609124.8680167
4 1685609124.8681529
4 1685609124.869331
5 1685609125.0375533
5 1685609125.0376797
5 1685609125.038679
6 1685609125.0394924
6 1685609125.0396283
6 1685609125.0403986
7 1685609125.1294062
7 1685609125.129534
7 1685609125.1308026


t:  29


0 1685609125.4450252
0 1685609125.44522
0 1685609125.4463437
1 1685609125.447148
1 1685609125.4473248
1 1685609125.4482143
2 1685609125.4521956
2 1685609125.452332
2 1685609125.4541261
3 1685609125.4548855
3 1685609125.4550257
3 1685609125.4559572
4 1685609125.6202707
4 1685609125.6204042
4 1685609125.6215096
5 1685609125.6225002
5 1685609125.6226134
5 1685609125.6233642
6 1685609125.624198
6 1685609125.624314
6 1685609125.6668782
7 1685609125.6685576
7 1685609125.6686811
7 1685609125.6696846


t:  30


0 1685609125.9613833
0 1685609125.961548
0 1685609125.96278
1 1685609126.0166855
1 1685609126.0867865
1 1685609126.2287765
2 1685609126.2300992
2 1685609126.2543883
2 1685609126.301643
3 1685609126.3023472
3 1685609126.3026917
3 1685609126.303656
4 1685609126.63762
4 1685609126.6378508
4 1685609126.6396928
5 1685609126.6406708
5 1685609126.640931
5 1685609126.7400544
6 1685609126.7537546
6 1685609126.7538679
6 1685609126.7866971
7 1685609126.7875342
7 1685609126.8737156
7 1685609126.8746948


t:  31


0 1685609127.2225618
0 1685609127.2235909
0 1685609127.2254786
1 1685609127.2281475
1 1685609127.2283604
1 1685609127.2292113
2 1685609127.2297683
2 1685609127.2298877
2 1685609127.230706
3 1685609127.2313383
3 1685609127.2314594
3 1685609127.2358382
4 1685609127.4781635
4 1685609127.4783278
4 1685609127.48032
5 1685609127.4816022
5 1685609127.481928
5 1685609127.5242312
6 1685609127.708618
6 1685609127.7089376
6 1685609127.7106605
7 1685609127.9589212
7 1685609127.95908
7 1685609127.960173


t:  32


0 1685609128.3450055
0 1685609128.3451848
0 1685609128.3489742
1 1685609128.7014723
1 1685609128.7016287
1 1685609128.8631997
2 1685609128.8643155
2 1685609128.9172566
2 1685609128.9181166
3 1685609128.922937
3 1685609128.9230678
3 1685609128.9238179
4 1685609128.9961977
4 1685609128.9964828
4 1685609128.9978936
5 1685609129.0002768
5 1685609129.0006952
5 1685609129.21686
6 1685609129.4247804
6 1685609129.520809
6 1685609129.5219204
7 1685609129.6588964
7 1685609129.6925666
7 1685609129.6942391


t:  33


0 1685609129.9506717
0 1685609129.9508758
0 1685609129.9521182
1 1685609130.022631
1 1685609130.0228138
1 1685609130.0237892
2 1685609130.0325248
2 1685609130.1939263
2 1685609130.1948724
3 1685609130.1975415
3 1685609130.1976666
3 1685609130.4846284
4 1685609130.5516236
4 1685609130.578218
4 1685609130.5793636
5 1685609130.5806184
5 1685609130.683208
5 1685609130.7668889
6 1685609130.8355157
6 1685609130.8356786
6 1685609130.8370407
7 1685609130.8384657
7 1685609130.8386428
7 1685609130.8424997


t:  34


0 1685609130.9960716
0 1685609130.9961867
0 1685609131.0879571
1 1685609131.0897613
1 1685609131.0899024
1 1685609131.0907404
2 1685609131.0915997
2 1685609131.0917501
2 1685609131.1407282
3 1685609131.14115
3 1685609131.141453
3 1685609131.142331
4 1685609131.2787893
4 1685609131.29522
4 1685609131.2963958
5 1685609131.2972083
5 1685609131.297395
5 1685609131.2983408
6 1685609131.3004816
6 1685609131.3006542
6 1685609131.3015866
7 1685609131.3421392
7 1685609131.3484201
7 1685609131.3499463


t:  35


0 1685609131.6022835
0 1685609131.612022
0 1685609131.8814564
1 1685609132.1792758
1 1685609132.1795304
1 1685609132.2895331
2 1685609132.409472
2 1685609132.4096441
2 1685609132.4467566
3 1685609132.6661205
3 1685609132.6663232
3 1685609132.7601
4 1685609132.7760258
4 1685609132.7905295
4 1685609132.9814856
5 1685609133.5580943
5 1685609133.5991888
5 1685609133.778483
6 1685609133.893043
6 1685609133.8933136
6 1685609133.894324
7 1685609133.9506524
7 1685609133.9509077
7 1685609133.9521103


t:  36


0 1685609134.20474
0 1685609134.204993
0 1685609134.206541
1 1685609134.2287698
1 1685609134.2318237
1 1685609134.2328327
2 1685609134.238125
2 1685609134.2382586
2 1685609134.2402625
3 1685609134.475051
3 1685609134.5155363
3 1685609134.5164447
4 1685609134.7048259
4 1685609134.704959
4 1685609134.7059057
5 1685609134.7066739
5 1685609134.7068264
5 1685609134.7077558
6 1685609134.8131046
6 1685609134.8133538
6 1685609134.8931184
7 1685609134.893927
7 1685609134.8940825
7 1685609134.895057


t:  37


0 1685609135.0539398
0 1685609135.0540876
0 1685609135.055076
1 1685609135.063673
1 1685609135.063796
1 1685609135.4983137
2 1685609135.4996836
2 1685609135.4999855
2 1685609135.5148907
3 1685609135.5156736
3 1685609135.5158567
3 1685609135.635103
4 1685609135.6360612
4 1685609135.6361735
4 1685609135.645362
5 1685609135.646079
5 1685609135.646313
5 1685609135.754275
6 1685609135.7553582
6 1685609135.7555015
6 1685609135.994616
7 1685609136.0117073
7 1685609136.053561
7 1685609136.0601554


t:  38


0 1685609136.184288
0 1685609136.1844974
0 1685609136.2451425
1 1685609136.2465088
1 1685609136.246854
1 1685609136.4231913
2 1685609136.424174
2 1685609136.424312
2 1685609136.4254203
3 1685609136.4344704
3 1685609136.4346547
3 1685609136.4622746
4 1685609136.703144
4 1685609136.7033067
4 1685609136.7632082
5 1685609136.7644715
5 1685609136.7647073
5 1685609136.7714233
6 1685609136.802606
6 1685609136.9018543
6 1685609136.9079726
7 1685609137.036895
7 1685609137.0370913
7 1685609137.0378537


t:  39


0 1685609137.1764448
0 1685609137.1766622
0 1685609137.2933626
1 1685609137.3050604
1 1685609137.3052337
1 1685609137.3062356
2 1685609137.3729057
2 1685609137.6581419
2 1685609137.6851945
3 1685609137.7354794
3 1685609137.7356377
3 1685609137.7366898
4 1685609137.7373188
4 1685609137.7374485
4 1685609137.7382414
5 1685609137.7849948
5 1685609137.8729289
5 1685609137.876183
6 1685609137.877937
6 1685609137.8780882
6 1685609137.9601462
7 1685609137.960837
7 1685609137.96099
7 1685609137.9618194


t:  40


0 1685609138.2664702
0 1685609138.266618
0 1685609138.267548
1 1685609138.2830687
1 1685609138.2832053
1 1685609138.2842174
2 1685609138.2848632
2 1685609138.2850215
2 1685609138.3421795
3 1685609138.3428729
3 1685609138.342992
3 1685609138.3438492
4 1685609138.3447511
4 1685609138.344858
4 1685609138.412447
5 1685609138.4146562
5 1685609138.414897
5 1685609138.41651
6 1685609138.443545
6 1685609138.4437356
6 1685609138.547996
7 1685609138.5494576
7 1685609138.5496635
7 1685609138.6238089


t:  41


0 1685609138.8539414
0 1685609138.8540564
0 1685609138.8551998
1 1685609138.8579524
1 1685609138.8581119
1 1685609138.8590693
2 1685609138.8599112
2 1685609138.860098
2 1685609138.9326615
3 1685609138.934381
3 1685609138.9344907
3 1685609138.9351556
4 1685609138.9370832
4 1685609138.9372234
4 1685609138.9379153
5 1685609138.9388206
5 1685609138.9389324
5 1685609138.941026
6 1685609139.0552876
6 1685609139.0559263
6 1685609139.0568821
7 1685609139.1862564
7 1685609139.1864314
7 1685609139.1873713


t:  42


0 1685609139.2246068
0 1685609139.2247179
0 1685609139.225723
1 1685609139.2263322
1 1685609139.2264407
1 1685609139.2271326
2 1685609139.4189332
2 1685609139.748812
2 1685609139.9397407
3 1685609139.9405463
3 1685609139.977476
3 1685609139.9786625
4 1685609139.9809442
4 1685609139.9812477
4 1685609140.0669413
5 1685609140.3143365
5 1685609140.314689
5 1685609140.3163135
6 1685609140.3346548
6 1685609140.3348129
6 1685609140.3357277
7 1685609140.340503
7 1685609140.3406801
7 1685609140.3838441


t:  43


0 1685609140.5531087
0 1685609140.5532656
0 1685609140.5880423
1 1685609140.650387
1 1685609140.6505651
1 1685609140.6517158
2 1685609140.8034062
2 1685609140.8035903
2 1685609140.8252268
3 1685609140.845902
3 1685609140.9775064
3 1685609141.1005082
4 1685609141.1197908
4 1685609141.1200752
4 1685609141.1765594
5 1685609141.20014
5 1685609141.200439
5 1685609141.20183
6 1685609141.3924747
6 1685609141.3927152
6 1685609141.393782
7 1685609141.4713538
7 1685609141.471572
7 1685609141.4732122


t:  44


0 1685609141.6902955
0 1685609141.8115869
0 1685609142.3093312
1 1685609142.3100863
1 1685609142.3102334
1 1685609142.3111434
2 1685609142.420772
2 1685609142.420948
2 1685609142.4223504
3 1685609142.4229991
3 1685609142.4231117
3 1685609142.4243062
4 1685609142.5217237
4 1685609142.6492517
4 1685609142.650465
5 1685609142.6664839
5 1685609142.7700467
5 1685609142.7713134
6 1685609142.7738366
6 1685609142.8226676
6 1685609142.8735728
7 1685609143.0389132
7 1685609143.0776894
7 1685609143.1467617


t:  45


0 1685609143.7966566
0 1685609143.8440237
0 1685609143.9265082
1 1685609143.9289846
1 1685609143.9694233
1 1685609144.1933448
2 1685609144.260569
2 1685609144.2608218
2 1685609144.262111
3 1685609144.4488041
3 1685609144.715502
3 1685609144.8328915
4 1685609144.917697
4 1685609144.91799
4 1685609145.197735
5 1685609145.1984115
5 1685609145.198628
5 1685609145.1997993
6 1685609145.2009768
6 1685609145.2011364
6 1685609145.4828997
7 1685609145.488847
7 1685609145.6495652
7 1685609145.6508944


t:  46


0 1685609145.9076736
0 1685609145.9679947
0 1685609145.9948814
1 1685609145.996796
1 1685609145.9970272
1 1685609145.9986343
2 1685609146.02149
2 1685609146.0257375
2 1685609146.0268626
3 1685609146.027731
3 1685609146.0278678
3 1685609146.084408
4 1685609146.1142645
4 1685609146.1144547
4 1685609146.1157436
5 1685609146.1327112
5 1685609146.1337626
5 1685609146.1929827
6 1685609146.2916257
6 1685609146.2917492
6 1685609146.2933402
7 1685609146.294301
7 1685609146.2944782
7 1685609146.339794


t:  47


0 1685609146.6288252
0 1685609146.6290011
0 1685609146.630853
1 1685609146.6724255
1 1685609146.7415679
1 1685609146.886897
2 1685609146.8996475
2 1685609146.8998282
2 1685609146.9292867
3 1685609146.945891
3 1685609146.9515858
3 1685609146.9526215
4 1685609146.9532804
4 1685609146.9812224
4 1685609147.1904948
5 1685609147.191449
5 1685609147.1985123
5 1685609147.3051488
6 1685609147.4143634
6 1685609147.4408138
6 1685609147.4418895
7 1685609147.4428377
7 1685609147.442982
7 1685609147.443779


t:  48


0 1685609147.6653652
0 1685609147.6655095
0 1685609147.6671236
1 1685609147.6676784
1 1685609147.667783
1 1685609147.8283079
2 1685609147.8298442
2 1685609147.8300786
2 1685609147.8311725
3 1685609148.0111744
3 1685609148.0113356
3 1685609148.0122204
4 1685609148.0849404
4 1685609148.0851233
4 1685609148.659624
5 1685609148.8445082
5 1685609148.8447711
5 1685609148.8496003
6 1685609149.0130832
6 1685609149.0133555
6 1685609149.017559
7 1685609149.01929
7 1685609149.0194383
7 1685609149.0214827


t:  49


0 1685609149.1549573
0 1685609149.1553116
0 1685609149.1571333
1 1685609149.1896858
1 1685609149.1903844
1 1685609149.2783575
2 1685609149.2846117
2 1685609149.298831
2 1685609149.329645
3 1685609149.340824
3 1685609149.3523247
3 1685609149.3533099
4 1685609149.3542755
4 1685609149.3611712
4 1685609149.4372768
5 1685609149.4387934
5 1685609149.4390607
5 1685609149.5222867
6 1685609149.5904958
6 1685609149.59081
6 1685609149.5927134
7 1685609149.5940595
7 1685609149.5945196
7 1685609149.5959394


t:  50


0 1685609149.9748058
0 1685609150.0660272
0 1685609150.1444135
1 1685609150.2292213
1 1685609150.2294736
1 1685609150.2351751
2 1685609150.2369409
2 1685609150.237227
2 1685609150.2385492
3 1685609150.2393692
3 1685609150.2398357
3 1685609150.327494
4 1685609150.3321905
4 1685609150.3324432
4 1685609150.44281
5 1685609150.445605
5 1685609150.4464896
5 1685609150.536926
6 1685609150.8814375
6 1685609150.881744
6 1685609150.883043
7 1685609150.9944708
7 1685609150.9947429
7 1685609151.0479724


t:  51


0 1685609151.6473923
0 1685609151.6476357
0 1685609151.8864622
1 1685609152.0537655
1 1685609152.0587745
1 1685609152.0598345
2 1685609152.0613341
2 1685609152.0628445
2 1685609152.1324992
3 1685609152.2166698
3 1685609152.2171154
3 1685609152.2185946
4 1685609152.418965
4 1685609152.419185
4 1685609152.420704
5 1685609152.5667653
5 1685609152.6445506
5 1685609152.6820068
6 1685609152.6830053
6 1685609152.6831806
6 1685609152.6842506
7 1685609152.8810203
7 1685609152.8812091
7 1685609152.882116


t:  52


0 1685609152.990638
0 1685609152.990782
0 1685609152.9915924
1 1685609152.9924357
1 1685609153.0671155
1 1685609153.0683386
2 1685609153.0699918
2 1685609153.0702775
2 1685609153.071509
3 1685609153.1072242
3 1685609153.2021973
3 1685609153.4122806
4 1685609153.4139056
4 1685609153.433556
4 1685609153.8792806
5 1685609153.9980807
5 1685609153.9982064
5 1685609153.9990442
6 1685609154.28898
6 1685609154.2891483
6 1685609154.2899618
7 1685609154.2906892
7 1685609154.3471105
7 1685609154.3479943


t:  53


0 1685609154.4158304
0 1685609154.4160008
0 1685609154.417133
1 1685609154.417988
1 1685609154.4181278
1 1685609154.4192524
2 1685609154.4366693
2 1685609154.4368045
2 1685609154.4377224
3 1685609154.4383087
3 1685609154.4384139
3 1685609154.439115
4 1685609154.4396424
4 1685609154.4397464
4 1685609154.440473
5 1685609154.4410563
5 1685609154.441164
5 1685609154.441852
6 1685609154.471368
6 1685609154.47152
6 1685609154.4724317
7 1685609154.4730358
7 1685609154.4731417
7 1685609154.4737842


t:  54


0 1685609154.8613443
0 1685609154.8615305
0 1685609154.863591
1 1685609154.9359813
1 1685609154.9362767
1 1685609154.9781892
2 1685609155.0269225
2 1685609155.0508025
2 1685609155.1499612
3 1685609155.15082
3 1685609155.15118
3 1685609155.1559947
4 1685609155.1572037
4 1685609155.1997492
4 1685609155.2185643
5 1685609155.2533195
5 1685609155.2535448
5 1685609155.254748
6 1685609155.2554953
6 1685609155.2876859
6 1685609155.359952
7 1685609155.4491215
7 1685609155.5112216
7 1685609155.5455115


t:  55


0 1685609155.69564
0 1685609155.7118104
0 1685609155.8012784
1 1685609155.8443189
1 1685609155.9484994
1 1685609155.949474
2 1685609156.418765
2 1685609156.4627476
2 1685609156.463612
3 1685609156.6006684
3 1685609156.6008828
3 1685609156.6018727
4 1685609156.6029088
4 1685609156.6030474
4 1685609156.603765
5 1685609156.7462342
5 1685609156.7464
5 1685609156.7472982
6 1685609156.750512
6 1685609156.750628
6 1685609156.7531455
7 1685609156.7643454
7 1685609156.9103878
7 1685609156.9113572


t:  56


0 1685609157.369407
0 1685609157.369628
0 1685609157.3707733
1 1685609157.3715367
1 1685609157.3716938
1 1685609157.6673572
2 1685609157.8603306
2 1685609157.8605094
2 1685609157.8618503
3 1685609157.862909
3 1685609157.8631277
3 1685609157.9870942
4 1685609157.9879265
4 1685609157.9881146
4 1685609157.9898412
5 1685609158.0670962
5 1685609158.0673115
5 1685609158.068619
6 1685609158.06962
6 1685609158.06975
6 1685609158.177331
7 1685609158.1781979
7 1685609158.178393
7 1685609158.1795435


t:  57


0 1685609158.9017
0 1685609158.9767046
0 1685609158.9776294
1 1685609158.9786444
1 1685609158.978848
1 1685609158.980947
2 1685609159.2090433
2 1685609159.2092087
2 1685609159.2103198
3 1685609159.2457552
3 1685609159.2459588
3 1685609159.3005707
4 1685609159.3013628
4 1685609159.3015082
4 1685609159.3027635
5 1685609159.3035686
5 1685609159.303713
5 1685609159.3049643
6 1685609159.506233
6 1685609159.5063672
6 1685609159.5085614
7 1685609159.5094001
7 1685609159.5095232
7 1685609159.51056


t:  58


0 1685609159.5404706
0 1685609159.5405881
0 1685609159.587561
1 1685609159.5882742
1 1685609159.588412
1 1685609159.5893512
2 1685609159.6002798
2 1685609159.6004236
2 1685609159.60145
3 1685609159.6023536
3 1685609159.602498
3 1685609159.6328816
4 1685609159.6655145
4 1685609159.7183354
4 1685609159.9618256
5 1685609160.1985137
5 1685609160.2201426
5 1685609160.2210531
6 1685609160.2578125
6 1685609160.2579484
6 1685609160.260727
7 1685609160.2720213
7 1685609160.2829397
7 1685609160.284383


t:  59


0 1685609160.840415
0 1685609160.8644555
0 1685609160.8658388
1 1685609160.8668714
1 1685609160.967982
1 1685609160.969359
2 1685609161.1609983
2 1685609161.16132
2 1685609161.4003925
3 1685609161.4151397
3 1685609161.4152637
3 1685609161.4162078
4 1685609161.4193714
4 1685609161.4194758
4 1685609161.4202757
5 1685609161.42231
5 1685609161.4279618
5 1685609161.4530182
6 1685609161.5011666
6 1685609161.5012906
6 1685609161.502061
7 1685609161.5026443
7 1685609161.5027475
7 1685609161.5034397


t:  60


0 1685609161.7752635
0 1685609161.7753878
0 1685609161.7766614
1 1685609162.146837
1 1685609162.1470566
1 1685609162.1987796
2 1685609162.1995125
2 1685609162.1997035
2 1685609162.2008927
3 1685609162.224246
3 1685609162.2244153
3 1685609162.2251775
4 1685609162.3068674
4 1685609162.3070254
4 1685609162.3079376
5 1685609162.3092246
5 1685609162.8014045
5 1685609162.802474
6 1685609162.9888396
6 1685609162.9889877
6 1685609162.9899042
7 1685609163.1807091
7 1685609163.2766814
7 1685609163.2777836


t:  61


0 1685609163.6296046
0 1685609163.8743434
0 1685609164.1374946
1 1685609164.3446279
1 1685609164.401536
1 1685609164.4028492
2 1685609164.4037397
2 1685609164.4402478
2 1685609164.4865625
3 1685609164.5480611
3 1685609164.6679385
3 1685609164.7296307
4 1685609164.889147
4 1685609164.9299016
4 1685609164.9952297
5 1685609165.4708421
5 1685609165.4710479
5 1685609165.4779556
6 1685609165.4814105
6 1685609165.4816535
6 1685609165.5247443
7 1685609165.5341353
7 1685609165.5344312
7 1685609165.6952157


t:  62


0 1685609165.9596057
0 1685609165.959785
0 1685609165.966548
1 1685609166.112332
1 1685609166.1125143
1 1685609166.1139429
2 1685609166.1174722
2 1685609166.1176229
2 1685609166.1187227
3 1685609166.2788014
3 1685609166.2789977
3 1685609166.285156
4 1685609166.286416
4 1685609166.2865756
4 1685609166.3400426
5 1685609166.419538
5 1685609166.4196796
5 1685609166.4273994
6 1685609166.4289346
6 1685609166.4290924
6 1685609166.429815
7 1685609166.4304068
7 1685609166.4305263
7 1685609166.4311955


t:  63


0 1685609166.6497183
0 1685609166.6498628
0 1685609166.69814
1 1685609166.6986682
1 1685609166.6987708
1 1685609166.6994412
2 1685609166.6999655
2 1685609166.7000618
2 1685609166.700689
3 1685609166.7013676
3 1685609166.701472
3 1685609166.7020454
4 1685609166.7025235
4 1685609166.7026188
4 1685609166.7031934
5 1685609166.703664
5 1685609166.7037659
5 1685609166.8175104
6 1685609166.8189938
6 1685609166.819182
6 1685609166.821473
7 1685609166.9682727
7 1685609167.0577073
7 1685609167.0586467


t:  64


0 1685609167.2325957
0 1685609167.2327101
0 1685609167.2654881
1 1685609167.3575413
1 1685609167.3576658
1 1685609167.3587096
2 1685609167.3594093
2 1685609167.3595684
2 1685609167.4288738
3 1685609167.4331596
3 1685609167.4333544
3 1685609167.4342887
4 1685609167.492528
4 1685609167.497976
4 1685609167.5945737
5 1685609167.6359725
5 1685609167.6361558
5 1685609167.63705
6 1685609167.7121081
6 1685609167.7123008
6 1685609167.7136173
7 1685609167.7148259
7 1685609167.7460663
7 1685609167.7476668


t:  65


0 1685609168.6443875
0 1685609168.644582
0 1685609168.6459603
1 1685609168.776872
1 1685609168.7771134
1 1685609168.7784104
2 1685609168.7793963
2 1685609168.7795825
2 1685609168.8870275
3 1685609168.8878121
3 1685609168.8879719
3 1685609168.8993397
4 1685609168.9639058
4 1685609169.157186
4 1685609169.159437
5 1685609169.1616275
5 1685609169.5022523
5 1685609169.5083625
6 1685609169.6121178
6 1685609169.6162343
6 1685609169.8616745
7 1685609170.0267165
7 1685609170.0268774
7 1685609170.0283053


t:  66


0 1685609170.3388276
0 1685609170.3390257
0 1685609170.4194255
1 1685609170.4220762
1 1685609170.5433767
1 1685609170.5444245
2 1685609170.5817614
2 1685609170.5819
2 1685609170.8997633
3 1685609170.985336
3 1685609170.9855309
3 1685609170.9866238
4 1685609171.0519896
4 1685609171.0521927
4 1685609171.053127
5 1685609171.053958
5 1685609171.0540693
5 1685609171.2104528
6 1685609171.2353349
6 1685609171.2927313
6 1685609171.294752
7 1685609171.346462
7 1685609171.3675528
7 1685609171.5788975


t:  67


0 1685609172.3735669
0 1685609172.3741376
0 1685609172.5071871
1 1685609173.2234685
1 1685609173.2236395
1 1685609173.2302268
2 1685609173.2310812
2 1685609173.231221
2 1685609173.8848338
3 1685609174.2013292
3 1685609174.2086637
3 1685609174.2842236
4 1685609174.2956927
4 1685609174.295914
4 1685609174.2971191
5 1685609174.3000448
5 1685609174.3002253
5 1685609174.3279467
6 1685609174.5447903
6 1685609174.5450757
6 1685609174.545924
7 1685609174.5468755
7 1685609174.5470505
7 1685609174.5492177


t:  68


0 1685609174.647468
0 1685609174.6475894
0 1685609174.6855001
1 1685609174.6870406
1 1685609174.6871598
1 1685609174.8074408
2 1685609174.808534
2 1685609174.8087893
2 1685609174.9491236
3 1685609174.9500647
3 1685609174.9502308
3 1685609174.9951556
4 1685609174.995936
4 1685609174.9961429
4 1685609174.997031
5 1685609174.9975939
5 1685609174.9977167
5 1685609174.998375
6 1685609175.098356
6 1685609175.0987236
6 1685609175.1007075
7 1685609175.2476752
7 1685609175.2478375
7 1685609175.3159485


t:  69


0 1685609175.3542056
0 1685609175.3544376
0 1685609175.3710034
1 1685609175.406365
1 1685609175.4065351
1 1685609175.407556
2 1685609175.4098537
2 1685609175.4100754
2 1685609175.412538
3 1685609175.4133875
3 1685609175.4135563
3 1685609175.4144952
4 1685609175.4207993
4 1685609175.4213455
4 1685609175.4301012
5 1685609175.430854
5 1685609175.4309728
5 1685609175.5800645
6 1685609175.5807738
6 1685609175.6192873
6 1685609175.6202302
7 1685609175.8042383
7 1685609176.3216836
7 1685609176.3230507


t:  70


0 1685609176.489213
0 1685609176.4893906
0 1685609176.741528
1 1685609176.8776596
1 1685609176.8778954
1 1685609177.108897
2 1685609177.1102884
2 1685609177.1104457
2 1685609177.111455
3 1685609177.169451
3 1685609177.169623
3 1685609177.170707
4 1685609177.172503
4 1685609177.1727087
4 1685609177.2705474
5 1685609177.293305
5 1685609177.2934475
5 1685609177.2953668
6 1685609177.2961507
6 1685609177.2962742
6 1685609177.2970512
7 1685609177.2976828
7 1685609177.2978456
7 1685609177.298701


t:  71


0 1685609177.3745348
0 1685609177.3747134
0 1685609177.3756425
1 1685609177.3827317
1 1685609177.382921
1 1685609177.3840206
2 1685609177.5401616
2 1685609177.540319
2 1685609177.5414116
3 1685609177.792026
3 1685609177.7922266
3 1685609177.7930386
4 1685609178.0409155
4 1685609178.0410824
4 1685609178.0420275
5 1685609178.0427327
5 1685609178.0481641
5 1685609178.0492392
6 1685609178.0966766
6 1685609178.0969949
6 1685609178.0987127
7 1685609178.1183
7 1685609178.1184595
7 1685609178.1197312


t:  72


0 1685609178.1528392
0 1685609178.1529768
0 1685609178.1829667
1 1685609178.3520002
1 1685609178.3521469
1 1685609178.353469
2 1685609178.354392
2 1685609178.3545396
2 1685609178.3556066
3 1685609178.3934238
3 1685609178.3935642
3 1685609178.3951318
4 1685609178.3961973
4 1685609178.39658
4 1685609178.3994527
5 1685609178.4001875
5 1685609178.4003098
5 1685609178.4012496
6 1685609178.4018235
6 1685609178.401932
6 1685609178.403468
7 1685609178.4052503
7 1685609178.4053645
7 1685609178.408241


t:  73


0 1685609178.9686632
0 1685609178.9704132
0 1685609178.973391
1 1685609179.0161817
1 1685609179.0163813
1 1685609179.0172863
2 1685609179.017893
2 1685609179.0180242
2 1685609179.018809
3 1685609179.0805314
3 1685609179.0807788
3 1685609179.0825968
4 1685609179.0880466
4 1685609179.0882916
4 1685609179.089355
5 1685609179.090268
5 1685609179.0904539
5 1685609179.091281
6 1685609179.1726317
6 1685609179.1728663
6 1685609179.1742094
7 1685609179.1753066
7 1685609179.1755373
7 1685609179.187601


t:  74


0 1685609179.369654
0 1685609179.5541534
0 1685609179.5552504
1 1685609179.5910418
1 1685609179.591264
1 1685609179.6404073
2 1685609179.6649177
2 1685609179.7164366
2 1685609179.7182946
3 1685609179.743428
3 1685609179.7437065
3 1685609179.7451596
4 1685609179.8680568
4 1685609179.8804064
4 1685609179.8819478
5 1685609180.0740588
5 1685609180.1025634
5 1685609180.103609
6 1685609180.1044147
6 1685609180.1045394
6 1685609180.4482107
7 1685609180.4493158
7 1685609180.449637
7 1685609180.450809


t:  75


0 1685609180.7282662
0 1685609180.7284532
0 1685609180.729955
1 1685609180.7345722
1 1685609180.7392237
1 1685609180.9652283
2 1685609180.9659443
2 1685609180.9660666
2 1685609180.966821
3 1685609181.386328
3 1685609181.3917813
3 1685609181.4125247
4 1685609181.4213912
4 1685609181.7054024
4 1685609181.7068055
5 1685609181.708182
5 1685609181.7082984
5 1685609181.7095695
6 1685609181.753094
6 1685609181.7533002
6 1685609181.7543633
7 1685609181.856544
7 1685609181.8567715
7 1685609181.8932993


t:  76


0 1685609182.1356757
0 1685609182.135963
0 1685609182.1373637
1 1685609182.360404
1 1685609182.3606458
1 1685609182.3621979
2 1685609182.4410918
2 1685609182.4416776
2 1685609182.5334227
3 1685609182.5643556
3 1685609182.5646157
3 1685609182.5660207
4 1685609182.7250838
4 1685609182.7252772
4 1685609182.7918375
5 1685609182.8144596
5 1685609182.8146856
5 1685609182.8157644
6 1685609182.8170052
6 1685609182.8172245
6 1685609182.818943
7 1685609182.8195367
7 1685609182.8196478
7 1685609182.8203943


t:  77


0 1685609182.9058707
0 1685609182.9060585
0 1685609182.908239
1 1685609182.937578
1 1685609182.9377038
1 1685609182.9898064
2 1685609183.0305536
2 1685609183.0600374
2 1685609183.061417
3 1685609183.0769148
3 1685609183.2213745
3 1685609183.229515
4 1685609183.278458
4 1685609183.2786741
4 1685609183.2798493
5 1685609183.280644
5 1685609183.302962
5 1685609183.3038113
6 1685609183.3050637
6 1685609183.3051808
6 1685609183.4120712
7 1685609183.4508789
7 1685609183.4509726
7 1685609183.5295975


t:  78


0 1685609184.0178869
0 1685609184.0182893
0 1685609184.0206974
1 1685609184.1141267
1 1685609184.1143086
1 1685609184.1164858
2 1685609184.149221
2 1685609184.1497838
2 1685609184.1735816
3 1685609184.1745508
3 1685609184.1747167
3 1685609184.2540946
4 1685609184.2551308
4 1685609184.2553155
4 1685609184.5227344
5 1685609184.5288377
5 1685609184.6411653
5 1685609184.7523968
6 1685609184.7541082
6 1685609184.754279
6 1685609184.7559218
7 1685609184.7569404
7 1685609184.7571042
7 1685609184.7586448


t:  79


0 1685609184.9399285
0 1685609184.940105
0 1685609184.9574068
1 1685609184.9591439
1 1685609184.9593048
1 1685609185.0495026
2 1685609185.0503588
2 1685609185.243283
2 1685609185.3376498
3 1685609185.338524
3 1685609185.3388145
3 1685609185.3642864
4 1685609185.3728604
4 1685609185.3836854
4 1685609185.3846433
5 1685609185.4574244
5 1685609185.4576488
5 1685609185.4596236
6 1685609185.6189644
6 1685609185.6192057
6 1685609185.6209264
7 1685609185.6339443
7 1685609185.6421309
7 1685609185.8983


t:  80


0 1685609185.9661462
0 1685609185.9662738
0 1685609185.9672287
1 1685609185.9678192
1 1685609185.9681976
1 1685609185.96912
2 1685609186.0382137
2 1685609186.0384023
2 1685609186.058816
3 1685609186.0852575
3 1685609186.0854287
3 1685609186.0863853
4 1685609186.0875106
4 1685609186.0876825
4 1685609186.0884116
5 1685609186.089019
5 1685609186.0891268
5 1685609186.0898376
6 1685609186.305143
6 1685609186.3446226
6 1685609186.3457787
7 1685609186.5349398
7 1685609186.5350862
7 1685609186.552692


t:  81


0 1685609187.4692667
0 1685609187.469402
0 1685609187.4703305
1 1685609187.4718325
1 1685609187.4720101
1 1685609187.4727185
2 1685609187.5065339
2 1685609187.5653129
2 1685609187.5896544
3 1685609187.9080844
3 1685609187.908292
3 1685609187.9094846
4 1685609187.9467797
4 1685609187.9582648
4 1685609187.9596202
5 1685609187.961048
5 1685609187.9611616
5 1685609187.9624093
6 1685609188.0820909
6 1685609188.0822752
6 1685609188.089645
7 1685609188.1288438
7 1685609188.1290126
7 1685609188.202776


t:  82


0 1685609188.2205987
0 1685609188.2207427
0 1685609188.2216637
1 1685609188.250651
1 1685609188.25078
1 1685609188.2576623
2 1685609188.3611114
2 1685609188.36128
2 1685609188.3620827
3 1685609188.3684437
3 1685609188.3686435
3 1685609188.370673
4 1685609188.443117
4 1685609188.4432702
4 1685609188.4443924
5 1685609188.4454935
5 1685609188.445707
5 1685609188.4517405
6 1685609188.682462
6 1685609188.7925963
6 1685609188.8446853
7 1685609188.8516488
7 1685609188.8577077
7 1685609189.1260724


t:  83


0 1685609189.6949093
0 1685609189.6952076
0 1685609189.7967312
1 1685609189.7973833
1 1685609189.797503
1 1685609189.7984798
2 1685609189.8352342
2 1685609189.83541
2 1685609189.9436731
3 1685609189.9447868
3 1685609190.0087159
3 1685609190.051689
4 1685609190.0525463
4 1685609190.722181
4 1685609190.7227538
5 1685609190.7237508
5 1685609190.7239647
5 1685609190.7250519
6 1685609190.7919545
6 1685609190.7922251
6 1685609190.7931635
7 1685609190.9232574
7 1685609190.923434
7 1685609190.9525044


t:  84


0 1685609191.1697612
0 1685609191.2229106
0 1685609191.2290218
1 1685609191.4368162
1 1685609191.4369738
1 1685609191.4381404
2 1685609191.904335
2 1685609191.9044833
2 1685609191.9053826
3 1685609191.9061031
3 1685609191.9062889
3 1685609192.151323
4 1685609192.1520438
4 1685609192.1522012
4 1685609192.157794
5 1685609192.2909174
5 1685609192.3018067
5 1685609192.351023
6 1685609192.3954513
6 1685609192.4020336
6 1685609192.4133406
7 1685609192.4163735
7 1685609192.4847584
7 1685609192.485838


t:  85


0 1685609192.883045
0 1685609192.8831866
0 1685609192.8841128
1 1685609192.884739
1 1685609192.884839
1 1685609193.2469876
2 1685609193.2792761
2 1685609193.2794378
2 1685609193.281406
3 1685609193.2820506
3 1685609193.2822025
3 1685609193.3668776
4 1685609193.399079
4 1685609193.4857285
4 1685609193.65218
5 1685609193.6530075
5 1685609193.6531985
5 1685609193.8049788
6 1685609194.1091526
6 1685609194.1093326
6 1685609194.1103418
7 1685609194.1820824
7 1685609194.1822283
7 1685609194.183092


t:  86


0 1685609195.0017533
0 1685609195.0019343
0 1685609195.003027
1 1685609195.003828
1 1685609195.0091531
1 1685609195.3276618
2 1685609195.330522
2 1685609195.335954
2 1685609195.3524973
3 1685609195.358289
3 1685609195.3584354
3 1685609195.3598876
4 1685609195.3605163
4 1685609195.360663
4 1685609195.3615825
5 1685609195.3622477
5 1685609195.3753128
5 1685609195.3764298
6 1685609195.5173774
6 1685609195.5175104
6 1685609195.5183547
7 1685609195.5200558
7 1685609195.520161
7 1685609195.5210276


t:  87


0 1685609196.4686677
0 1685609196.46878
0 1685609196.4696891
1 1685609196.471501
1 1685609196.471796
1 1685609196.7856655
2 1685609196.7864456
2 1685609196.786609
2 1685609196.8560007
3 1685609196.8570542
3 1685609196.8573232
3 1685609196.8936062
4 1685609197.1507154
4 1685609197.1896925
4 1685609197.190691
5 1685609197.3213418
5 1685609197.3214905
5 1685609197.322567
6 1685609197.323248
6 1685609197.323376
6 1685609197.3252642
7 1685609197.344313
7 1685609197.34454
7 1685609197.34579


t:  88


0 1685609198.1529734
0 1685609198.1533973
0 1685609198.15446
1 1685609198.1870556
1 1685609198.1872337
1 1685609198.188224
2 1685609198.1888363
2 1685609198.1889486
2 1685609198.1897461
3 1685609198.1904745
3 1685609198.1906152
3 1685609198.1916177
4 1685609198.1933017
4 1685609198.1934783
4 1685609198.2139275
5 1685609198.21462
5 1685609198.2152555
5 1685609198.216101
6 1685609198.2445083
6 1685609198.244701
6 1685609198.245695
7 1685609198.3942804
7 1685609198.3944733
7 1685609198.406041


t:  89


0 1685609198.436976
0 1685609198.4371266
0 1685609198.4380972
1 1685609198.4604115
1 1685609198.4606562
1 1685609198.461505
2 1685609198.4994483
2 1685609198.499583
2 1685609198.5038457
3 1685609198.644349
3 1685609198.6445012
3 1685609198.673052
4 1685609198.6741436
4 1685609198.6742904
4 1685609198.675387
5 1685609198.6765814
5 1685609198.7372284
5 1685609198.7859502
6 1685609198.7871132
6 1685609199.013498
6 1685609199.0144184
7 1685609199.0390737
7 1685609199.1071436
7 1685609199.1245358


t:  90


0 1685609199.1431713
0 1685609199.1507134
0 1685609199.1519403
1 1685609199.181589
1 1685609199.1817653
1 1685609199.371233
2 1685609199.3725154
2 1685609199.404194
2 1685609199.4053473
3 1685609199.4069223
3 1685609199.4070933
3 1685609199.4359415
4 1685609199.5588195
4 1685609199.5590568
4 1685609199.5618715
5 1685609199.5628076
5 1685609199.5630047
5 1685609199.7019908
6 1685609199.7032902
6 1685609199.703451
6 1685609199.7045796
7 1685609199.9316285
7 1685609200.1182964
7 1685609200.1755502


t:  91


0 1685609200.913668
0 1685609200.9138908
0 1685609201.0680811
1 1685609201.1604075
1 1685609201.160649
1 1685609201.248453
2 1685609201.24918
2 1685609201.269706
2 1685609201.4062495
3 1685609201.4073222
3 1685609201.483063
3 1685609201.4841032
4 1685609201.574056
4 1685609201.5742486
4 1685609201.5764425
5 1685609201.5773022
5 1685609201.5775416
5 1685609201.5785985
6 1685609201.6917937
6 1685609201.6920044
6 1685609201.7039325
7 1685609201.8952372
7 1685609201.8961978
7 1685609201.8976681


t:  92


0 1685609202.4522
0 1685609202.515303
0 1685609202.6697361
1 1685609202.671243
1 1685609202.6714103
1 1685609202.6723983
2 1685609202.7203634
2 1685609202.7206163
2 1685609202.7218146
3 1685609202.9153945
3 1685609202.9155526
3 1685609202.916508
4 1685609202.9697337
4 1685609202.9699156
4 1685609202.9710505
5 1685609203.03338
5 1685609203.0335257
5 1685609203.0371563
6 1685609203.1258562
6 1685609203.125977
6 1685609203.1270118
7 1685609203.1965742
7 1685609203.1967487
7 1685609203.1978166


t:  93


0 1685609203.3017864
0 1685609203.301936
0 1685609203.3027892
1 1685609203.3042948
1 1685609203.3044348
1 1685609203.34839
2 1685609203.3491845
2 1685609203.3493385
2 1685609203.3612494
3 1685609203.379698
3 1685609203.3798914
3 1685609203.3808315
4 1685609203.381773
4 1685609203.441791
4 1685609203.4428382
5 1685609203.44355
5 1685609203.443727
5 1685609203.444743
6 1685609203.445383
6 1685609203.445597
6 1685609203.4986434
7 1685609203.6507444
7 1685609203.6508927
7 1685609203.65313


t:  94


0 1685609203.7929332
0 1685609203.7930558
0 1685609203.8055046
1 1685609203.8074365
1 1685609203.8075628
1 1685609203.8085766
2 1685609203.810677
2 1685609203.8109355
2 1685609203.8124437
3 1685609203.8132398
3 1685609203.8133714
3 1685609203.8141468
4 1685609203.814998
4 1685609203.8151119
4 1685609203.8160121
5 1685609203.822386
5 1685609203.8226178
5 1685609203.8235254
6 1685609203.824283
6 1685609203.824444
6 1685609203.8251462
7 1685609203.873609
7 1685609203.9263809
7 1685609203.927387


t:  95


0 1685609204.0011199
0 1685609204.0012639
0 1685609204.0022056
1 1685609204.0269997
1 1685609204.0271559
1 1685609204.0280435
2 1685609204.0291324
2 1685609204.0292883
2 1685609204.0619483
3 1685609204.063642
3 1685609204.063977
3 1685609204.0652251
4 1685609204.1264093
4 1685609204.1266716
4 1685609204.1280832
5 1685609204.1292093
5 1685609204.1295335
5 1685609204.130723
6 1685609204.14523
6 1685609204.1511579
6 1685609204.1521773
7 1685609204.1537976
7 1685609204.1539483
7 1685609204.1546416


t:  96


0 1685609204.1802356
0 1685609204.1803944
0 1685609204.1813505
1 1685609204.1819987
1 1685609204.1821125
1 1685609204.1828473
2 1685609204.3088052
2 1685609204.308994
2 1685609204.310128
3 1685609204.4080818
3 1685609204.4082901
3 1685609204.411115
4 1685609204.4166934
4 1685609204.4170094
4 1685609204.460768
5 1685609204.462305
5 1685609204.4625063
5 1685609204.5815132
6 1685609204.5823615
6 1685609204.5824776
6 1685609204.5833595
7 1685609204.5851796
7 1685609204.5853162
7 1685609204.680278


t:  97


0 1685609204.7901752
0 1685609204.7903173
0 1685609204.7912607
1 1685609204.802179
1 1685609204.8025794
1 1685609204.9101663
2 1685609204.9133182
2 1685609204.913789
2 1685609204.991325
3 1685609204.993993
3 1685609204.994126
3 1685609204.9962492
4 1685609205.0515387
4 1685609205.0939
4 1685609205.1009953
5 1685609205.1095388
5 1685609205.2938068
5 1685609205.4847262
6 1685609205.7542865
6 1685609205.9581072
6 1685609205.9764698
7 1685609205.9844685
7 1685609206.0622687
7 1685609206.091463


t:  98


0 1685609206.2819993
0 1685609206.2821693
0 1685609206.283249
1 1685609206.4670968
1 1685609206.4672778
1 1685609206.468259
2 1685609206.4695392
2 1685609206.4696972
2 1685609206.4706402
3 1685609206.5829015
3 1685609206.583105
3 1685609206.5860138
4 1685609206.5870452
4 1685609206.5872004
4 1685609206.6136167
5 1685609206.6143231
5 1685609206.6720324
5 1685609206.672927
6 1685609206.801678
6 1685609206.8677406
6 1685609206.8944192
7 1685609206.8955138
7 1685609206.9870312
7 1685609206.988112


t:  99


0 1685609207.9064622
0 1685609207.9676545
0 1685609208.0380561
1 1685609208.0494046
1 1685609208.0654204
1 1685609208.2604752
2 1685609208.462325
2 1685609208.4627395
2 1685609208.82162
3 1685609208.8223312
3 1685609208.8225257
3 1685609208.8243012
4 1685609208.8252356
4 1685609208.8253775
4 1685609208.9962516
5 1685609208.998496
5 1685609209.0370708
5 1685609209.0448225
6 1685609209.0461822
6 1685609209.1056473
6 1685609209.1064978
7 1685609209.1074288
7 1685609209.1101415
7 1685609209.1113436
done
