t:  0


0 1685608947.0694027
0 1685608947.0695632
0 1685608947.0802722
1 1685608947.0806108
1 1685608947.0807514
1 1685608947.081659
2 1685608947.2595081
2 1685608947.2792335
2 1685608947.28093
3 1685608947.281153
3 1685608947.2812588
3 1685608947.281972


t:  1


0 1685608947.3095937
0 1685608947.3097148
0 1685608947.3539286
1 1685608947.3546534
1 1685608947.354773
1 1685608947.360862
2 1685608947.361184
2 1685608947.3613012
2 1685608947.3623214
3 1685608947.3625643
3 1685608947.3626783
3 1685608947.3643243


t:  2


0 1685608947.3795805
0 1685608947.379718
0 1685608947.3805928
1 1685608947.3814104
1 1685608947.381547
1 1685608947.4232147
2 1685608947.4254034
2 1685608947.4256222
2 1685608947.4271767
3 1685608947.4282174
3 1685608947.4283628
3 1685608947.4436767


t:  3


0 1685608947.5242946
0 1685608947.5244448
0 1685608947.5257027
1 1685608947.5288448
1 1685608947.52911
1 1685608947.5309498
2 1685608947.5927162
2 1685608947.5929532
2 1685608947.5942495
3 1685608947.6948614
3 1685608947.6951077
3 1685608947.6962142


t:  4


0 1685608947.7546234
0 1685608947.7815335
0 1685608947.7838645
1 1685608947.7856603
1 1685608947.7858555
1 1685608947.7874599
2 1685608947.8460076
2 1685608947.8536763
2 1685608947.8604324
3 1685608947.8617582
3 1685608947.9144871
3 1685608947.9155178


t:  5


0 1685608947.9855695
0 1685608947.9972544
0 1685608947.9984584
1 1685608948.0120153
1 1685608948.048596
1 1685608948.0674691
2 1685608948.095617
2 1685608948.1206534
2 1685608948.1344068
3 1685608948.1353943
3 1685608948.1356838
3 1685608948.2047591


t:  6


0 1685608948.2728877
0 1685608948.273854
0 1685608948.2916667
1 1685608948.2975528
1 1685608948.3156137
1 1685608948.3167613
2 1685608948.3227925
2 1685608948.3899636
2 1685608948.3910165
3 1685608948.421632
3 1685608948.4218347
3 1685608948.4227777


t:  7


0 1685608948.533782
0 1685608948.533969
0 1685608948.5364246
1 1685608948.560279
1 1685608948.5605204
1 1685608948.5907547
2 1685608948.6363053
2 1685608948.681537
2 1685608948.6829157
3 1685608948.6838126
3 1685608948.6839902
3 1685608948.6851778


t:  8


0 1685608948.7270622
0 1685608948.7279747
0 1685608948.7304978
1 1685608948.7372503
1 1685608948.7647307
1 1685608948.7841487
2 1685608948.7852118
2 1685608948.7854915
2 1685608948.8039436
3 1685608948.8213975
3 1685608948.8440235
3 1685608948.8450763


t:  9


0 1685608948.9172928
0 1685608948.917476
0 1685608948.94307
1 1685608949.0048254
1 1685608949.005006
1 1685608949.0121284
2 1685608949.013262
2 1685608949.0133836
2 1685608949.077687
3 1685608949.0799367
3 1685608949.0957012
3 1685608949.1151721


t:  10


0 1685608949.296562
0 1685608949.2967575
0 1685608949.2982912
1 1685608949.2990935
1 1685608949.2992382
1 1685608949.3272543
2 1685608949.377321
2 1685608949.3775012
2 1685608949.378709
3 1685608949.400863
3 1685608949.4012156
3 1685608949.4021533


t:  11


0 1685608949.6294668
0 1685608949.6295905
0 1685608949.630474
1 1685608949.6320028
1 1685608949.6321697
1 1685608949.6331198
2 1685608949.695928
2 1685608949.7686994
2 1685608949.7809877
3 1685608949.8497627
3 1685608949.8499486
3 1685608949.8509243


t:  12


0 1685608949.9352133
0 1685608949.9356785
0 1685608950.041276
1 1685608950.0437324
1 1685608950.044014
1 1685608950.058577
2 1685608950.060566
2 1685608950.0607376
2 1685608950.0708942
3 1685608950.073638
3 1685608950.0922065
3 1685608950.0972106


t:  13


0 1685608950.2218854
0 1685608950.2220519
0 1685608950.391523
1 1685608950.4388342
1 1685608950.4389756
1 1685608950.440117
2 1685608950.441078
2 1685608950.4464903
2 1685608950.447513
3 1685608950.4485266
3 1685608950.448731
3 1685608950.5364459


t:  14


0 1685608950.6827989
0 1685608950.6832898
0 1685608950.685136
1 1685608950.7255466
1 1685608950.7256944
1 1685608950.726665
2 1685608950.743358
2 1685608950.743566
2 1685608950.7449543
3 1685608950.7531285
3 1685608950.7534888
3 1685608950.76605


t:  15


0 1685608950.8435962
0 1685608950.843752
0 1685608950.84483
1 1685608950.8478072
1 1685608950.8481147
1 1685608950.849178
2 1685608950.9208007
2 1685608950.9895265
2 1685608950.991282
3 1685608951.0555084
3 1685608951.0557196
3 1685608951.0578418


t:  16


0 1685608951.1184907
0 1685608951.124334
0 1685608951.1730232
1 1685608951.2603319
1 1685608951.2605069
1 1685608951.2619257
2 1685608951.2644677
2 1685608951.2649188
2 1685608951.2893257
3 1685608951.2922695
3 1685608951.2924542
3 1685608951.327457


t:  17


0 1685608951.3956292
0 1685608951.3957798
0 1685608951.3972309
1 1685608951.4025087
1 1685608951.4027238
1 1685608951.4035726
2 1685608951.4251466
2 1685608951.4379056
2 1685608951.452037
3 1685608951.4531496
3 1685608951.453523
3 1685608951.4560602


t:  18


0 1685608951.5909433
0 1685608951.5911274
0 1685608951.5929778
1 1685608951.6495516
1 1685608951.6502187
1 1685608951.652903
2 1685608951.7491257
2 1685608951.749393
2 1685608951.751008
3 1685608951.752347
3 1685608951.7525568
3 1685608951.7813787


t:  19


0 1685608951.7910419
0 1685608951.8557556
0 1685608951.857179
1 1685608951.8581314
1 1685608951.8751593
1 1685608951.8763797
2 1685608951.8771558
2 1685608951.8773606
2 1685608951.87867
3 1685608951.9425685
3 1685608951.9436555
3 1685608951.9452555


t:  20


0 1685608951.9845595
0 1685608951.9938638
0 1685608952.0040805
1 1685608952.0071065
1 1685608952.007334
1 1685608952.0507123
2 1685608952.1108296
2 1685608952.111
2 1685608952.1120667
3 1685608952.1129367
3 1685608952.1130867
3 1685608952.1164155


t:  21


0 1685608952.1786299
0 1685608952.1896672
0 1685608952.190751
1 1685608952.1913717
1 1685608952.1915383
1 1685608952.1926417
2 1685608952.197448
2 1685608952.1976783
2 1685608952.1986706
3 1685608952.2057736
3 1685608952.206135
3 1685608952.232677


t:  22


0 1685608952.2734065
0 1685608952.320813
0 1685608952.3219025
1 1685608952.3226542
1 1685608952.3227959
1 1685608952.3235064
2 1685608952.3633075
2 1685608952.3634803
2 1685608952.4077885
3 1685608952.4162347
3 1685608952.4163878
3 1685608952.4963129


t:  23


0 1685608952.535964
0 1685608952.536096
0 1685608952.5369394
1 1685608952.5379121
1 1685608952.5387223
1 1685608952.539767
2 1685608952.5688975
2 1685608952.56918
2 1685608952.6108227
3 1685608952.6124969
3 1685608952.6127582
3 1685608952.614153


t:  24


0 1685608952.715944
0 1685608952.7160892
0 1685608952.7171648
1 1685608952.747051
1 1685608952.7472544
1 1685608952.7484963
2 1685608952.7502453
2 1685608952.7504222
2 1685608952.8021722
3 1685608952.8053355
3 1685608952.8672347
3 1685608952.8702986


t:  25


0 1685608952.9912179
0 1685608952.9914052
0 1685608953.0812645
1 1685608953.085141
1 1685608953.087382
1 1685608953.103523
2 1685608953.1069798
2 1685608953.107175
2 1685608953.2217023
3 1685608953.2254252
3 1685608953.2255988
3 1685608953.2274618


t:  26


0 1685608953.3463547
0 1685608953.3465044
0 1685608953.3476238
1 1685608953.3499146
1 1685608953.35006
1 1685608953.449698
2 1685608953.626261
2 1685608953.6263883
2 1685608953.6458826
3 1685608953.6466804
3 1685608953.646795
3 1685608953.6483748


t:  27


0 1685608953.6720524
0 1685608953.7286103
0 1685608953.7295387
1 1685608953.730636
1 1685608953.7307415
1 1685608953.7315326
2 1685608953.7322192
2 1685608953.732329
2 1685608953.7330585
3 1685608953.735163
3 1685608953.735309
3 1685608953.736184


t:  28


0 1685608953.778108
0 1685608953.7782423
0 1685608953.779223
1 1685608953.779967
1 1685608953.7801
1 1685608953.7808993
2 1685608953.781811
2 1685608953.7819467
2 1685608953.7920058
3 1685608953.8221014
3 1685608953.8222542
3 1685608953.8307061


t:  29


0 1685608953.8418121
0 1685608953.8450367
0 1685608953.8598125
1 1685608953.861246
1 1685608953.8613966
1 1685608953.8623357
2 1685608953.86289
2 1685608953.8630452
2 1685608953.8638995
3 1685608953.8644447
3 1685608953.8645835
3 1685608953.865224


t:  30


0 1685608953.9401267
0 1685608953.9402452
0 1685608953.9529867
1 1685608953.9549658
1 1685608953.9551954
1 1685608953.956331
2 1685608953.9572873
2 1685608953.957411
2 1685608953.9584682
3 1685608953.9602413
3 1685608953.9603806
3 1685608953.9621356


t:  31


0 1685608954.1096504
0 1685608954.109789
0 1685608954.1109009
1 1685608954.1126711
1 1685608954.1128507
1 1685608954.129816
2 1685608954.1305656
2 1685608954.1307318
2 1685608954.131441
3 1685608954.132223
3 1685608954.1323364
3 1685608954.1469266


t:  32


0 1685608954.2469802
0 1685608954.247106
0 1685608954.2497036
1 1685608954.2507145
1 1685608954.2509067
1 1685608954.2727053
2 1685608954.2746973
2 1685608954.274861
2 1685608954.2771034
3 1685608954.2786775
3 1685608954.288527
3 1685608954.2931983


t:  33


0 1685608954.4413254
0 1685608954.4492462
0 1685608954.4502604
1 1685608954.461612
1 1685608954.4618018
1 1685608954.4648056
2 1685608954.466573
2 1685608954.5056038
2 1685608954.5069227
3 1685608954.5086467
3 1685608954.508992
3 1685608954.5129259


t:  34


0 1685608954.7218957
0 1685608954.7459726
0 1685608954.7710464
1 1685608954.8128123
1 1685608954.896118
1 1685608954.89727
2 1685608954.8988929
2 1685608954.899005
2 1685608954.8999298
3 1685608954.9527974
3 1685608954.9635303
3 1685608954.976799


t:  35


0 1685608955.0205526
0 1685608955.0207126
0 1685608955.0240402
1 1685608955.0248048
1 1685608955.0465865
1 1685608955.0481691
2 1685608955.0619988
2 1685608955.0621216
2 1685608955.064148
3 1685608955.2216604
3 1685608955.221911
3 1685608955.2229395


t:  36


0 1685608955.2979047
0 1685608955.2980356
0 1685608955.2992024
1 1685608955.3451424
1 1685608955.345284
1 1685608955.3585632
2 1685608955.3592896
2 1685608955.35943
2 1685608955.3603055
3 1685608955.3625898
3 1685608955.3627143
3 1685608955.364396


t:  37


0 1685608955.422174
0 1685608955.4222867
0 1685608955.423061
1 1685608955.423926
1 1685608955.4516542
1 1685608955.4531658
2 1685608955.454567
2 1685608955.4547102
2 1685608955.5500324
3 1685608955.5510657
3 1685608955.5888135
3 1685608955.5906227


t:  38


0 1685608955.7591481
0 1685608955.759343
0 1685608955.7607524
1 1685608955.8033319
1 1685608955.803537
1 1685608955.8045516
2 1685608955.8059976
2 1685608955.806143
2 1685608955.8070862
3 1685608955.823159
3 1685608955.82329
3 1685608955.8243442


t:  39


0 1685608955.8813083
0 1685608955.8814652
0 1685608955.8822138
1 1685608955.884937
1 1685608955.8851
1 1685608955.8860393
2 1685608955.9042082
2 1685608955.928275
2 1685608955.9302645
3 1685608955.9415731
3 1685608955.9417553
3 1685608955.9428966


t:  40


0 1685608955.9873786
0 1685608955.987512
0 1685608955.9896328
1 1685608955.9904954
1 1685608955.9906142
1 1685608956.0389514
2 1685608956.0401106
2 1685608956.0402834
2 1685608956.0413322
3 1685608956.0533233
3 1685608956.0534997
3 1685608956.054434


t:  41


0 1685608956.0649462
0 1685608956.0650682
0 1685608956.066132
1 1685608956.0673237
1 1685608956.067502
1 1685608956.1525993
2 1685608956.1554012
2 1685608956.1613858
2 1685608956.1628842
3 1685608956.177401
3 1685608956.1776006
3 1685608956.178697


t:  42


0 1685608956.2234263
0 1685608956.223546
0 1685608956.2245495
1 1685608956.2332113
1 1685608956.233566
1 1685608956.2350762
2 1685608956.236133
2 1685608956.2362816
2 1685608956.2372491
3 1685608956.2719734
3 1685608956.272132
3 1685608956.273119


t:  43


0 1685608956.3000214
0 1685608956.3001757
0 1685608956.3012621
1 1685608956.3030097
1 1685608956.304018
1 1685608956.3050113
2 1685608956.3058102
2 1685608956.3059237
2 1685608956.328026
3 1685608956.3285584
3 1685608956.3286602
3 1685608956.3293507


t:  44


0 1685608956.4096813
0 1685608956.4098632
0 1685608956.4107769
1 1685608956.413404
1 1685608956.4136305
1 1685608956.4151402
2 1685608956.4375746
2 1685608956.4378335
2 1685608956.438807
3 1685608956.4932084
3 1685608956.5260527
3 1685608956.5268378


t:  45


0 1685608956.7886508
0 1685608956.788815
0 1685608956.791346
1 1685608956.8059747
1 1685608956.8061612
1 1685608956.836487
2 1685608956.8376997
2 1685608956.8378785
2 1685608956.8663363
3 1685608956.8668091
3 1685608956.8669114
3 1685608956.9333167


t:  46


0 1685608957.001802
0 1685608957.0020041
0 1685608957.0030687
1 1685608957.0294964
1 1685608957.029691
1 1685608957.0305593
2 1685608957.0313437
2 1685608957.0314965
2 1685608957.033391
3 1685608957.0343091
3 1685608957.0345066
3 1685608957.051437


t:  47


0 1685608957.1280475
0 1685608957.1281679
0 1685608957.1291845
1 1685608957.1298168
1 1685608957.1299212
1 1685608957.1311157
2 1685608957.1316268
2 1685608957.1318815
2 1685608957.1491377
3 1685608957.1800237
3 1685608957.180156
3 1685608957.1824865


t:  48


0 1685608957.3420818
0 1685608957.3422117
0 1685608957.3430283
1 1685608957.3478243
1 1685608957.3479836
1 1685608957.3742504
2 1685608957.3751972
2 1685608957.37534
2 1685608957.3761976
3 1685608957.3788202
3 1685608957.3794587
3 1685608957.3816414


t:  49


0 1685608957.4526927
0 1685608957.452811
0 1685608957.4538603
1 1685608957.4551718
1 1685608957.4553158
1 1685608957.4560838
2 1685608957.4570963
2 1685608957.4572062
2 1685608957.4597127
3 1685608957.5064678
3 1685608957.5065987
3 1685608957.510002


t:  50


0 1685608957.6038578
0 1685608957.6041007
0 1685608957.6050923
1 1685608957.6066341
1 1685608957.6068673
1 1685608957.6427357
2 1685608957.6432245
2 1685608957.6433294
2 1685608957.6441896
3 1685608957.6446745
3 1685608957.644783
3 1685608957.645583


t:  51


0 1685608957.688579
0 1685608957.6886938
0 1685608957.7043118
1 1685608957.764316
1 1685608957.7644913
1 1685608957.7665904
2 1685608957.7957993
2 1685608957.7959843
2 1685608957.8247418
3 1685608957.8254948
3 1685608957.825696
3 1685608957.8264444


t:  52


0 1685608957.8611438
0 1685608957.8612869
0 1685608957.8622663
1 1685608957.86294
1 1685608957.8630712
1 1685608957.8640714
2 1685608957.9295723
2 1685608957.9297721
2 1685608957.9328873
3 1685608957.9339767
3 1685608957.9379737
3 1685608957.938897


t:  53


0 1685608957.993512
0 1685608957.9938262
0 1685608957.9947002
1 1685608957.9969752
1 1685608957.9972234
1 1685608957.9987102
2 1685608957.999571
2 1685608957.999686
2 1685608958.0296638
3 1685608958.032858
3 1685608958.0329988
3 1685608958.033854


t:  54


0 1685608958.1110518
0 1685608958.1111634
0 1685608958.11292
1 1685608958.1135063
1 1685608958.1136146
1 1685608958.1144578
2 1685608958.114902
2 1685608958.1150022
2 1685608958.1160657
3 1685608958.1354115
3 1685608958.135575
3 1685608958.136544


t:  55


0 1685608958.2723923
0 1685608958.2725804
0 1685608958.2735379
1 1685608958.2747386
1 1685608958.274886
1 1685608958.2758052
2 1685608958.2763824
2 1685608958.2765017
2 1685608958.2771866
3 1685608958.277687
3 1685608958.2777975
3 1685608958.2784245


t:  56


0 1685608958.4500098
0 1685608958.450132
0 1685608958.451147
1 1685608958.4522796
1 1685608958.4524868
1 1685608958.5014682
2 1685608958.5036077
2 1685608958.5038424
2 1685608958.504795
3 1685608958.505335
3 1685608958.505451
3 1685608958.5061028


t:  57


0 1685608958.6303773
0 1685608958.6305242
0 1685608958.631393
1 1685608958.6321125
1 1685608958.6322699
1 1685608958.6585226
2 1685608958.6607497
2 1685608958.6609132
2 1685608958.6621287
3 1685608958.6840568
3 1685608958.6842518
3 1685608958.6860123


t:  58


0 1685608958.7106335
0 1685608958.7107825
0 1685608958.7118025
1 1685608958.7128978
1 1685608958.7130873
1 1685608958.8018115
2 1685608958.8063369
2 1685608958.807233
2 1685608958.8086221
3 1685608958.8130627
3 1685608958.8133717
3 1685608958.8792953


t:  59


0 1685608958.9055593
0 1685608958.9057286
0 1685608958.9091864
1 1685608958.9342315
1 1685608958.9344885
1 1685608958.9367077
2 1685608959.001358
2 1685608959.0016873
2 1685608959.004446
3 1685608959.0549848
3 1685608959.055154
3 1685608959.0584


t:  60


0 1685608959.1022234
0 1685608959.1024168
0 1685608959.1041496
1 1685608959.126365
1 1685608959.126542
1 1685608959.1275175
2 1685608959.1300306
2 1685608959.1302443
2 1685608959.1385217
3 1685608959.1396055
3 1685608959.1397617
3 1685608959.1425667


t:  61


0 1685608959.3108509
0 1685608959.3110118
0 1685608959.3245492
1 1685608959.326111
1 1685608959.326227
1 1685608959.327014
2 1685608959.32807
2 1685608959.3333404
2 1685608959.3415735
3 1685608959.3519719
3 1685608959.3521168
3 1685608959.3529623


t:  62


0 1685608959.3709571
0 1685608959.371134
0 1685608959.3775432
1 1685608959.3781853
1 1685608959.4002068
1 1685608959.4011636
2 1685608959.4021022
2 1685608959.402252
2 1685608959.4032366
3 1685608959.4045563
3 1685608959.404672
3 1685608959.410778


t:  63


0 1685608959.562729
0 1685608959.5699143
0 1685608959.5708528
1 1685608959.5715375
1 1685608959.5716677
1 1685608959.6410363
2 1685608959.6426685
2 1685608959.6427817
2 1685608959.643752
3 1685608959.6445541
3 1685608959.6446636
3 1685608959.6455395


t:  64


0 1685608959.7008185
0 1685608959.7009645
0 1685608959.7023835
1 1685608959.705738
1 1685608959.7058978
1 1685608959.706674
2 1685608959.7081146
2 1685608959.708391
2 1685608959.709367
3 1685608959.7750967
3 1685608959.775225
3 1685608959.776133


t:  65


0 1685608959.791126
0 1685608959.7912354
0 1685608959.792147
1 1685608959.7927668
1 1685608959.792871
1 1685608959.793754
2 1685608959.7972045
2 1685608959.7976427
2 1685608959.830911
3 1685608959.8317237
3 1685608959.8319268
3 1685608959.8326979


t:  66


0 1685608959.9008772
0 1685608959.90099
0 1685608959.902071
1 1685608959.9441981
1 1685608959.950046
1 1685608959.9514132
2 1685608959.963718
2 1685608959.968828
2 1685608959.969903
3 1685608959.970673
3 1685608959.970807
3 1685608959.9726553


t:  67


0 1685608960.106907
0 1685608960.1070192
0 1685608960.1080606
1 1685608960.1148298
1 1685608960.1149805
1 1685608960.1157815
2 1685608960.1184752
2 1685608960.1187541
2 1685608960.1197135
3 1685608960.1243243
3 1685608960.1244936
3 1685608960.1253767


t:  68


0 1685608960.171049
0 1685608960.1713035
0 1685608960.1730812
1 1685608960.173831
1 1685608960.1745133
1 1685608960.1770766
2 1685608960.1849499
2 1685608960.1851833
2 1685608960.1869037
3 1685608960.1888466
3 1685608960.1889899
3 1685608960.1908457


t:  69


0 1685608960.279631
0 1685608960.2797399
0 1685608960.2805643
1 1685608960.2814417
1 1685608960.2815487
1 1685608960.2822294
2 1685608960.283037
2 1685608960.3166559
2 1685608960.3387947
3 1685608960.3394303
3 1685608960.3401015
3 1685608960.3408844


t:  70


0 1685608960.351602
0 1685608960.3517523
0 1685608960.353797
1 1685608960.3546176
1 1685608960.354732
1 1685608960.3576312
2 1685608960.3742533
2 1685608960.3744051
2 1685608960.3752582
3 1685608960.3763595
3 1685608960.3765237
3 1685608960.3772535


t:  71


0 1685608960.4561021
0 1685608960.456472
0 1685608960.4578876
1 1685608960.458695
1 1685608960.458882
1 1685608960.4600587
2 1685608960.4795928
2 1685608960.4957287
2 1685608960.5032778
3 1685608960.5143318
3 1685608960.5144737
3 1685608960.5153615


t:  72


0 1685608960.6488686
0 1685608960.649014
0 1685608960.6578805
1 1685608960.6591158
1 1685608960.6592493
1 1685608960.6604831
2 1685608960.6727428
2 1685608960.6731815
2 1685608960.674018
3 1685608960.6889548
3 1685608960.68916
3 1685608960.6900473


t:  73


0 1685608960.7369778
0 1685608960.7371306
0 1685608960.7381408
1 1685608960.7566338
1 1685608960.7567852
1 1685608960.78881
2 1685608960.7957585
2 1685608960.7959676
2 1685608960.8110664
3 1685608960.8119743
3 1685608960.8120997
3 1685608960.812726


t:  74


0 1685608960.8981295
0 1685608960.8982754
0 1685608960.8990884
1 1685608960.9086444
1 1685608960.9088173
1 1685608960.9104786
2 1685608960.9212508
2 1685608960.9213886
2 1685608960.9223027
3 1685608960.9228048
3 1685608960.9229093
3 1685608960.9436724


t:  75


0 1685608960.9969928
0 1685608960.9971087
0 1685608960.9980435
1 1685608960.9990244
1 1685608960.9991736
1 1685608961.0000212
2 1685608961.0637836
2 1685608961.0639677
2 1685608961.065359
3 1685608961.0928447
3 1685608961.092999
3 1685608961.0972934


t:  76


0 1685608961.1093185
0 1685608961.1094556
0 1685608961.2400963
1 1685608961.241734
1 1685608961.2418907
1 1685608961.2429097
2 1685608961.2446823
2 1685608961.2448363
2 1685608961.2462943
3 1685608961.2936735
3 1685608961.442056
3 1685608961.4893847


t:  77


0 1685608961.9498496
0 1685608961.9500139
0 1685608961.9528744
1 1685608962.0557306
1 1685608962.0560145
1 1685608962.0588167
2 1685608962.0603976
2 1685608962.0672414
2 1685608962.069854
3 1685608962.1731083
3 1685608962.1733544
3 1685608962.1793203


t:  78


0 1685608962.3033633
0 1685608962.3035274
0 1685608962.3222432
1 1685608962.3526864
1 1685608962.3528717
1 1685608962.3540866
2 1685608962.356937
2 1685608962.3571143
2 1685608962.358582
3 1685608962.4356525
3 1685608962.4359868
3 1685608962.437692


t:  79


0 1685608962.5069668
0 1685608962.5071218
0 1685608962.5371463
1 1685608962.5376756
1 1685608962.5377872
1 1685608962.538509
2 1685608962.5390515
2 1685608962.5391655
2 1685608962.539856
3 1685608962.598087
3 1685608962.5982275
3 1685608962.5989373


t:  80


0 1685608962.641932
0 1685608962.6420937
0 1685608962.6441643
1 1685608962.6463258
1 1685608962.6465206
1 1685608962.6523955
2 1685608962.6959991
2 1685608962.6961634
2 1685608962.6971104
3 1685608962.6978962
3 1685608962.69805
3 1685608962.7189589


t:  81


0 1685608962.7409306
0 1685608962.7410965
0 1685608962.742209
1 1685608962.743165
1 1685608962.743321
1 1685608962.7446296
2 1685608962.7454426
2 1685608962.7462966
2 1685608962.812334
3 1685608962.813289
3 1685608962.8134575
3 1685608962.8141713


t:  82


0 1685608962.8819773
0 1685608962.8820972
0 1685608962.8834543
1 1685608962.8850424
1 1685608962.8852415
1 1685608962.8986018
2 1685608962.9128857
2 1685608962.9522371
2 1685608962.9676054
3 1685608962.9683561
3 1685608963.0060956
3 1685608963.0229938


t:  83


0 1685608963.0723672
0 1685608963.0724928
0 1685608963.0741742
1 1685608963.0748138
1 1685608963.0749369
1 1685608963.0769732
2 1685608963.0783556
2 1685608963.0787292
2 1685608963.1161323
3 1685608963.117165
3 1685608963.1582258
3 1685608963.1734934


t:  84


0 1685608963.201281
0 1685608963.2014594
0 1685608963.2025301
1 1685608963.2033842
1 1685608963.2098353
1 1685608963.2121997
2 1685608963.2135324
2 1685608963.213737
2 1685608963.2152028
3 1685608963.2405145
3 1685608963.2546868
3 1685608963.25575


t:  85


0 1685608963.3297284
0 1685608963.3298454
0 1685608963.330645
1 1685608963.3313518
1 1685608963.3511033
1 1685608963.3811772
2 1685608963.3821387
2 1685608963.433141
2 1685608963.43448
3 1685608963.4354322
3 1685608963.4356396
3 1685608963.4369934


t:  86


0 1685608963.5108676
0 1685608963.5110488
0 1685608963.5122836
1 1685608963.5130668
1 1685608963.5132222
1 1685608963.5141237
2 1685608963.5147328
2 1685608963.5148423
2 1685608963.515647
3 1685608963.5164666
3 1685608963.5165832
3 1685608963.5177393


t:  87


0 1685608963.7490737
0 1685608963.7492492
0 1685608963.7545426
1 1685608963.7572877
1 1685608963.7686605
1 1685608963.8412464
2 1685608963.8701868
2 1685608963.870576
2 1685608963.8814645
3 1685608963.9212027
3 1685608964.0049577
3 1685608964.0725174


t:  88


0 1685608964.0947053
0 1685608964.0948284
0 1685608964.0958085
1 1685608964.0969632
1 1685608964.1027467
1 1685608964.1736643
2 1685608964.2054546
2 1685608964.242349
2 1685608964.243693
3 1685608964.273203
3 1685608964.2734232
3 1685608964.2765448


t:  89


0 1685608964.347972
0 1685608964.3481386
0 1685608964.3522108
1 1685608964.3926613
1 1685608964.392846
1 1685608964.3938262
2 1685608964.413732
2 1685608964.4138932
2 1685608964.4169638
3 1685608964.4765828
3 1685608964.4767253
3 1685608964.47781


t:  90


0 1685608964.5690763
0 1685608964.5692837
0 1685608964.5703049
1 1685608964.6311202
1 1685608964.6810207
1 1685608964.6820886
2 1685608964.7152672
2 1685608964.715435
2 1685608964.721889
3 1685608964.722943
3 1685608964.7293541
3 1685608964.7322934


t:  91


0 1685608964.8185763
0 1685608964.8189218
0 1685608964.8204079
1 1685608964.821162
1 1685608964.8223953
1 1685608964.8232439
2 1685608964.823836
2 1685608964.8241355
2 1685608964.8603303
3 1685608964.8872292
3 1685608964.8874671
3 1685608964.8885937


t:  92


0 1685608964.9391181
0 1685608964.93924
0 1685608964.9463577
1 1685608964.9471073
1 1685608964.9472446
1 1685608964.9860036
2 1685608965.0360355
2 1685608965.03709
2 1685608965.0392237
3 1685608965.0465045
3 1685608965.0583096
3 1685608965.0746918


t:  93


0 1685608965.1175957
0 1685608965.117875
0 1685608965.145248
1 1685608965.1463535
1 1685608965.1465137
1 1685608965.1668584
2 1685608965.1840434
2 1685608965.1859791
2 1685608965.1870148
3 1685608965.1877177
3 1685608965.1993108
3 1685608965.305437


t:  94


0 1685608965.3569968
0 1685608965.3571625
0 1685608965.3584661
1 1685608965.3649516
1 1685608965.3650887
1 1685608965.365825
2 1685608965.3662975
2 1685608965.3919432
2 1685608965.4003112
3 1685608965.4012237
3 1685608965.4014115
3 1685608965.4153368


t:  95


0 1685608965.4413724
0 1685608965.441477
0 1685608965.442345
1 1685608965.4711797
1 1685608965.471274
1 1685608965.47218
2 1685608965.4903417
2 1685608965.490561
2 1685608965.4917006
3 1685608965.5301845
3 1685608965.5304844
3 1685608965.5312278


t:  96


0 1685608965.6566496
0 1685608965.6568606
0 1685608965.657742
1 1685608965.6585047
1 1685608965.7139
1 1685608965.7148259
2 1685608965.7155604
2 1685608965.7156935
2 1685608965.7164094
3 1685608965.764891
3 1685608965.7651482
3 1685608965.7666082


t:  97


0 1685608965.9019551
0 1685608965.9022124
0 1685608965.904406
1 1685608965.9967964
1 1685608966.0061476
1 1685608966.0185947
2 1685608966.019646
2 1685608966.041142
2 1685608966.063661
3 1685608966.064481
3 1685608966.0645962
3 1685608966.0881398


t:  98


0 1685608966.249151
0 1685608966.2492678
0 1685608966.2501395
1 1685608966.251773
1 1685608966.2520761
1 1685608966.254571
2 1685608966.2575192
2 1685608966.257759
2 1685608966.2618423
3 1685608966.296024
3 1685608966.2962284
3 1685608966.2975583


t:  99


0 1685608966.4570513
0 1685608966.4571795
0 1685608966.4875498
1 1685608966.533214
1 1685608966.5334322
1 1685608966.535666
2 1685608966.6081297
2 1685608966.6083162
2 1685608966.609262
3 1685608966.610206
3 1685608966.610345
3 1685608966.6123154
done
(base) ]0;steven@steven-VirtualBox: ~/catkin_ws/src/controller_py/src[01;32msteven@steven-VirtualBox[00m:[01;34m~/catkin_ws/src/controller_py/src[00m$ exit
exit

Script done on 2023-06-01 10:42:52+02:00 [COMMAND_EXIT_CODE="0"]
